1
25
50
75
100
175
200
225
250
275
2150
300
325
350
375
400
425
450
475
500
525
535
550
575
600
625
650
675
700
725
775
800
978
1000
1125
1150
1200
1250
1275
1485
1555
1950
2025
2050
2125
2200
2225
2250
2275
2300
2325
2350
2375
2400
2425
2450
2475
2500
2525
2575
2600
2625
2675
2725
2775
2825
2875
2925
2945
2975
3075
3125
3150
3200
3225
3250
3300
4200
3350
3400
3425
3475
3525
3575
3675
3900
4000
4100
4300
4400
4500
4625
4700
4800
4900
11000
5000
5100
5275
5425
5625
5700
5825
5900
6000
6115
6200
6375
6450
6595
6675
6800
11110
6895
7000
7100
7200
7300
7400
7505
7600
7675
7800
7885
8125
8195
8325
8385
8500
8590
8700
8800
8900
9000
9100
9200
9300
9400
9500
9600
10000
10300
10700
10800
10900
11210
11300
11400
11500
11600
11725
11810
11910
12000
12100
12200
12300
12400
12500
12600
12700
12800
12900
13000
13100
13200
13400
13510
13600
13700
13800
14000
14200
14500
14600
14700
14800
15000
15300
15400
15500
15600
15700
15750
15800
16100
