depth	min	max	median	mean
141	-69	285	13	69
142	-62	292	24	78
143	-57	301	38	87
144	-52	307	52	96
145	-48	315	67	105
146	-44	327	82	115
147	-35	332	93	123
148	-29	343	105	132
149	-23	354	115	141
150	-19	367	126	150
151	-16	378	140	159
152	-5	386	148	168
153	3	396	159	177
154	9	409	168	186
155	14	419	179	195
156	18	430	191	205
157	27	437	199	214
158	34	444	209	223
159	41	455	220	232
160	47	467	230	241
161	52	479	240	250
162	63	487	250	260
163	72	497	260	269
164	80	508	271	279
165	88	522	282	289
166	94	534	291	299
167	103	540	301	308
168	111	547	311	317
169	118	556	321	325
170	123	566	329	334
171	129	580	340	343
172	138	586	348	352
173	147	596	357	361
174	156	606	365	370
175	164	613	373	379
176	171	625	382	387
177	182	632	392	396
178	191	640	401	405
179	199	648	411	414
180	207	656	420	423
181	216	666	430	432
182	226	670	439	441
183	233	679	448	450
184	240	686	457	459
185	246	693	468	468
186	253	700	478	477
187	262	709	488	486
188	271	722	498	496
189	279	732	507	505
190	289	742	515	514
191	295	751	524	523
192	308	757	534	532
193	318	766	542	541
194	327	776	551	550
195	334	783	559	559
196	341	792	569	568
197	350	797	578	577
198	360	806	587	586
199	369	815	597	595
200	379	823	606	604
201	385	833	616	612
202	395	841	624	622
203	404	850	634	631
204	416	860	644	641
205	423	874	653	650
206	429	886	662	659
207	439	892	672	669
208	447	898	680	678
209	455	906	690	687
210	461	915	699	696
211	469	929	708	705
212	480	935	717	714
213	493	940	726	723
214	500	949	736	732
215	507	958	745	741
216	513	968	754	750
217	527	972	763	759
218	538	981	770	768
219	547	989	781	777
220	555	997	791	786
221	561	1007	800	796
222	573	1013	809	805
223	586	1021	819	814
224	596	1028	829	823
225	606	1035	839	832
226	613	1045	848	842
227	625	1052	857	851
228	635	1058	866	861
229	646	1065	876	871
230	656	1077	885	881
231	662	1087	896	890
232	679	1093	905	900
233	690	1099	914	909
234	698	1106	923	918
235	706	1114	932	927
236	716	1123	942	937
237	728	1129	950	946
238	740	1134	960	955
239	750	1139	970	964
240	760	1148	980	973
241	769	1156	990	983
242	783	1161	999	992
243	794	1166	1009	1001
244	802	1176	1018	1011
245	811	1185	1028	1020
246	820	1196	1037	1030
247	834	1201	1046	1039
248	846	1205	1055	1048
249	857	1211	1064	1057
250	866	1217	1074	1066
251	874	1224	1084	1074
252	887	1229	1093	1083
253	900	1234	1102	1092
254	908	1238	1112	1101
255	915	1245	1121	1110
256	922	1254	1129	1119
257	939	1260	1138	1129
258	954	1264	1148	1138
259	964	1270	1158	1148
260	976	1278	1168	1158
261	985	1286	1178	1167
262	993	1290	1187	1177
263	1002	1296	1196	1186
264	1015	1304	1207	1196
265	1025	1316	1216	1206
266	1038	1336	1226	1215
267	1047	1345	1235	1224
268	1056	1356	1245	1233
269	1062	1372	1254	1243
270	1072	1389	1262	1252
271	1081	1407	1270	1261
272	1087	1417	1278	1270
273	1095	1428	1287	1279
274	1101	1442	1295	1288
275	1106	1458	1303	1296
276	1112	1475	1310	1305
277	1119	1485	1319	1314
278	1127	1495	1328	1323
279	1134	1506	1337	1332
280	1139	1520	1345	1341
281	1145	1538	1354	1350
282	1154	1546	1363	1360
283	1163	1555	1373	1370
284	1170	1569	1382	1379
285	1176	1589	1390	1389
286	1183	1609	1399	1398
287	1190	1618	1409	1408
288	1200	1629	1419	1417
289	1207	1642	1428	1427
290	1213	1653	1436	1436
291	1222	1669	1447	1446
292	1229	1678	1456	1455
293	1236	1688	1465	1465
294	1241	1700	1476	1474
295	1248	1713	1486	1483
296	1255	1730	1494	1492
297	1261	1738	1503	1501
298	1267	1749	1511	1510
299	1272	1760	1518	1518
300	1278	1775	1527	1527
301	1285	1789	1535	1535
302	1293	1801	1543	1544
303	1301	1813	1551	1552
304	1308	1826	1560	1561
305	1314	1837	1568	1570
306	1320	1853	1576	1578
307	1329	1862	1585	1587
308	1338	1870	1593	1595
309	1343	1877	1601	1604
310	1350	1887	1611	1612
311	1355	1897	1619	1621
312	1363	1911	1628	1630
313	1366	1919	1635	1638
314	1372	1932	1644	1647
315	1378	1944	1652	1656
316	1384	1964	1660	1665
317	1388	1973	1670	1673
318	1393	1987	1679	1682
319	1404	1999	1688	1690
320	1410	2014	1696	1699
321	1416	2024	1704	1708
322	1425	2035	1713	1716
323	1434	2040	1723	1725
324	1440	2051	1731	1733
325	1449	2061	1739	1742
326	1453	2074	1748	1751
327	1464	2087	1757	1760
328	1471	2094	1766	1769
329	1480	2108	1776	1778
330	1487	2118	1785	1787
331	1493	2131	1793	1797
332	1500	2141	1804	1806
333	1508	2149	1813	1815
334	1518	2160	1822	1824
335	1522	2174	1832	1833
336	1535	2186	1841	1842
337	1543	2197	1851	1852
338	1553	2209	1859	1861
339	1559	2222	1869	1870
340	1566	2234	1877	1879
341	1574	2246	1885	1888
342	1581	2252	1895	1899
343	1591	2263	1907	1909
344	1603	2272	1917	1920
345	1612	2286	1927	1931
346	1616	2298	1937	1942
347	1633	2306	1949	1954
348	1643	2316	1962	1966
349	1655	2325	1975	1979
350	1663	2341	1988	1991
351	1675	2353	1999	2004
352	1688	2366	2011	2016
353	1706	2377	2021	2028
354	1716	2388	2033	2039
355	1725	2403	2045	2051
356	1734	2418	2057	2063
357	1747	2425	2070	2076
358	1758	2433	2081	2089
359	1773	2444	2094	2101
360	1784	2461	2108	2114
361	1794	2476	2120	2127
362	1806	2485	2132	2138
363	1815	2497	2142	2150
364	1828	2510	2154	2162
365	1840	2520	2164	2173
366	1849	2533	2176	2185
367	1862	2545	2187	2197
368	1879	2558	2198	2209
369	1888	2570	2210	2221
370	1896	2577	2221	2233
371	1910	2589	2233	2244
372	1924	2602	2244	2257
373	1935	2614	2256	2269
374	1949	2626	2267	2281
375	1959	2634	2278	2293
376	1968	2643	2292	2305
377	1983	2652	2303	2318
378	2000	2663	2316	2330
379	2010	2674	2327	2342
380	2021	2684	2338	2355
381	2035	2696	2350	2367
382	2047	2705	2363	2381
383	2068	2717	2378	2394
384	2084	2729	2392	2408
385	2097	2741	2410	2422
386	2110	2757	2426	2435
387	2131	2765	2442	2450
388	2145	2776	2458	2466
389	2157	2792	2474	2481
390	2171	2807	2490	2496
391	2191	2824	2507	2511
392	2207	2834	2521	2525
393	2226	2840	2535	2538
394	2239	2851	2549	2552
395	2251	2867	2565	2566
396	2265	2882	2581	2580
397	2296	2891	2595	2594
398	2310	2903	2607	2608
399	2326	2916	2622	2622
400	2340	2930	2635	2636
401	2354	2947	2651	2650
402	2372	2956	2664	2663
403	2385	2965	2677	2677
404	2400	2972	2691	2691
405	2416	2983	2705	2704
406	2428	3001	2719	2718
407	2450	3010	2734	2732
408	2472	3018	2749	2746
409	2487	3025	2763	2760
410	2499	3037	2776	2774
411	2510	3051	2790	2788
412	2531	3057	2805	2803
413	2552	3067	2819	2817
414	2570	3079	2834	2831
415	2585	3090	2850	2846
416	2599	3109	2867	2860
417	2622	3119	2880	2875
418	2637	3128	2894	2889
419	2651	3138	2907	2904
420	2667	3153	2922	2919
421	2680	3169	2938	2933
422	2703	3178	2951	2947
423	2723	3189	2963	2961
424	2743	3205	2977	2974
425	2760	3215	2990	2988
426	2771	3228	3004	3002
427	2801	3236	3017	3017
428	2824	3247	3031	3032
429	2846	3260	3046	3047
430	2864	3274	3061	3062
431	2879	3289	3076	3077
432	2914	3296	3090	3093
433	2951	3304	3104	3110
434	2974	3313	3119	3126
435	2993	3325	3135	3142
436	3006	3344	3151	3158
437	3040	3353	3179	3185
438	3069	3361	3209	3211
439	3088	3373	3239	3237
440	3103	3391	3270	3263
441	3116	3420	3298	3289
442	3148	3427	3324	3309
443	3173	3435	3349	3329
444	3190	3453	3374	3349
445	3201	3481	3391	3369
446	3212	3527	3406	3389
447	3232	3536	3417	3401
448	3245	3546	3427	3412
449	3252	3558	3436	3424
450	3263	3577	3447	3436
451	3271	3599	3457	3447
452	3289	3610	3469	3460
453	3299	3620	3481	3472
454	3308	3636	3493	3485
455	3319	3650	3504	3497
456	3324	3670	3515	3509
457	3340	3678	3528	3521
458	3354	3689	3540	3533
459	3368	3701	3551	3544
460	3379	3713	3562	3556
461	3391	3729	3572	3567
462	3410	3736	3583	3579
463	3422	3745	3595	3591
464	3432	3756	3606	3602
465	3443	3768	3617	3614
466	3453	3782	3629	3626
467	3472	3789	3640	3637
468	3487	3797	3651	3648
469	3500	3807	3662	3659
470	3512	3817	3672	3671
471	3521	3832	3683	3682
472	3543	3839	3694	3694
473	3563	3846	3705	3707
474	3577	3855	3717	3719
475	3591	3866	3730	3731
476	3601	3880	3742	3744
477	3624	3885	3752	3755
478	3645	3891	3763	3767
479	3664	3900	3774	3779
480	3680	3909	3785	3790
481	3692	3921	3795	3802
482	3703	3931	3808	3813
483	3710	3942	3822	3823
484	3717	3958	3834	3834
485	3721	3975	3846	3844
486	3726	3997	3857	3855
487	3739	4006	3867	3865
488	3748	4015	3877	3875
489	3756	4026	3887	3885
490	3763	4040	3897	3896
491	3766	4059	3906	3906
492	3781	4070	3916	3916
493	3791	4079	3926	3926
494	3797	4090	3936	3936
495	3805	4104	3945	3946
496	3810	4120	3955	3956
497	3821	4127	3965	3967
498	3828	4137	3975	3977
499	3837	4147	3985	3987
500	3842	4162	3996	3997
501	3847	4177	4007	4007
502	3861	4186	4017	4018
503	3872	4196	4029	4029
504	3882	4206	4041	4040
505	3891	4219	4051	4051
506	3897	4238	4061	4062
507	3913	4242	4071	4073
508	3925	4250	4081	4083
509	3935	4259	4092	4094
510	3943	4271	4103	4104
511	3947	4284	4114	4115
512	3963	4290	4123	4125
513	3980	4297	4133	4136
514	3991	4306	4144	4146
515	4001	4316	4155	4156
516	4008	4330	4165	4166
517	4025	4336	4175	4177
518	4034	4342	4186	4187
519	4048	4350	4196	4198
520	4054	4359	4207	4208
521	4061	4369	4217	4218
522	4079	4374	4227	4229
523	4092	4380	4239	4239
524	4104	4386	4249	4250
525	4113	4393	4259	4260
526	4122	4403	4270	4271
527	4141	4410	4281	4283
528	4148	4425	4293	4295
529	4158	4446	4305	4308
530	4164	4473	4318	4320
531	4171	4499	4330	4332
532	4184	4511	4345	4346
533	4196	4526	4359	4360
534	4208	4546	4373	4374
535	4215	4572	4387	4388
536	4224	4597	4401	4402
537	4235	4607	4415	4416
538	4246	4621	4429	4429
539	4256	4641	4442	4442
540	4265	4658	4456	4456
541	4272	4682	4469	4469
542	4286	4692	4484	4484
543	4295	4706	4499	4498
544	4306	4724	4514	4513
545	4313	4748	4528	4527
546	4322	4770	4543	4542
547	4337	4781	4556	4555
548	4350	4794	4569	4569
549	4364	4809	4584	4582
550	4379	4824	4596	4596
551	4386	4844	4609	4609
552	4400	4855	4623	4623
553	4412	4868	4637	4636
554	4425	4884	4650	4650
555	4440	4903	4665	4664
556	4449	4925	4676	4677
557	4465	4937	4691	4691
558	4477	4950	4706	4705
559	4489	4967	4719	4719
560	4501	4984	4733	4733
561	4509	5010	4747	4748
562	4528	5018	4759	4761
563	4541	5030	4774	4775
564	4554	5043	4788	4789
565	4562	5051	4802	4803
566	4573	5071	4816	4816
567	4587	5081	4829	4830
568	4601	5092	4842	4844
569	4615	5102	4856	4857
570	4627	5119	4871	4871
571	4637	5140	4884	4885
572	4654	5149	4898	4898
573	4669	5160	4913	4912
574	4682	5172	4927	4926
575	4693	5182	4942	4939
576	4700	5198	4957	4953
577	4723	5210	4969	4967
578	4739	5220	4982	4981
579	4752	5231	4996	4995
580	4762	5245	5012	5009
581	4776	5261	5025	5023
582	4791	5271	5039	5037
583	4808	5281	5053	5050
584	4818	5291	5065	5064
585	4830	5306	5079	5077
586	4837	5321	5093	5091
587	4857	5328	5106	5104
588	4873	5338	5121	5118
589	4887	5350	5135	5132
590	4901	5362	5149	5145
591	4911	5380	5163	5159
592	4926	5388	5175	5172
593	4945	5398	5187	5186
594	4963	5410	5201	5199
595	4977	5424	5215	5213
596	4985	5440	5229	5226
597	5006	5446	5243	5240
598	5029	5454	5255	5255
599	5050	5463	5270	5269
600	5064	5475	5282	5283
601	5081	5490	5297	5297
602	5105	5496	5309	5311
603	5132	5501	5324	5324
604	5152	5510	5337	5338
605	5168	5518	5350	5351
606	5181	5530	5363	5365
607	5208	5534	5376	5378
608	5238	5539	5390	5392
609	5265	5546	5404	5405
610	5283	5553	5419	5419
611	5299	5564	5434	5433
612	5324	5574	5451	5449
613	5339	5594	5466	5465
614	5349	5619	5480	5481
615	5355	5652	5494	5498
616	5362	5690	5510	5514
617	5379	5706	5527	5530
618	5388	5729	5543	5546
619	5397	5750	5561	5562
620	5405	5778	5578	5579
621	5413	5811	5593	5595
622	5429	5825	5609	5611
623	5440	5843	5626	5627
624	5449	5866	5642	5644
625	5456	5887	5658	5660
626	5462	5914	5673	5676
627	5486	5930	5689	5692
628	5502	5945	5704	5709
629	5512	5964	5720	5725
630	5521	5989	5735	5741
631	5531	6017	5751	5757
632	5548	6029	5770	5775
633	5563	6044	5789	5792
634	5576	6064	5807	5809
635	5583	6084	5825	5827
636	5592	6108	5844	5844
637	5610	6120	5861	5861
638	5627	6135	5879	5878
639	5640	6149	5895	5895
640	5653	6172	5912	5912
641	5664	6197	5929	5929
642	5685	6207	5946	5944
643	5702	6221	5961	5960
644	5718	6233	5976	5975
645	5733	6250	5992	5990
646	5743	6267	6007	6006
647	5766	6277	6023	6022
648	5784	6291	6039	6039
649	5796	6306	6056	6055
650	5809	6324	6074	6072
651	5820	6351	6090	6088
652	5843	6362	6106	6104
653	5862	6374	6122	6120
654	5880	6387	6139	6136
655	5895	6404	6157	6152
656	5908	6422	6172	6168
657	5931	6434	6188	6186
658	5957	6443	6207	6203
659	5974	6458	6225	6221
660	5991	6474	6242	6238
661	6003	6495	6260	6255
662	6030	6506	6277	6272
663	6054	6516	6293	6288
664	6070	6522	6310	6305
665	6084	6536	6327	6321
666	6097	6552	6342	6337
667	6131	6560	6357	6355
668	6164	6570	6373	6372
669	6185	6582	6390	6389
670	6201	6594	6407	6406
671	6215	6613	6425	6423
672	6251	6619	6439	6440
673	6281	6629	6454	6457
674	6311	6639	6470	6473
675	6337	6652	6488	6490
676	6351	6670	6507	6507
677	6388	6694	6526	6528
678	6407	6712	6547	6550
679	6420	6741	6569	6571
680	6429	6778	6592	6593
681	6438	6820	6612	6615
682	6462	6836	6633	6637
683	6478	6855	6657	6659
684	6492	6884	6678	6681
685	6503	6919	6699	6703
686	6515	6963	6718	6725
687	6544	6979	6742	6747
688	6565	6996	6766	6770
689	6579	7014	6789	6792
690	6592	7043	6815	6815
691	6604	7077	6839	6837
692	6635	7089	6859	6859
693	6656	7106	6881	6880
694	6673	7123	6901	6901
695	6693	7146	6925	6922
696	6707	7173	6946	6943
697	6733	7183	6966	6965
698	6755	7198	6988	6986
699	6775	7214	7012	7008
700	6794	7232	7035	7030
701	6814	7258	7058	7051
702	6849	7266	7078	7072
703	6882	7280	7099	7093
704	6903	7291	7119	7113
705	6919	7312	7141	7134
706	6931	7337	7163	7155
707	6980	7345	7184	7178
708	7027	7359	7208	7201
709	7060	7370	7232	7224
710	7084	7385	7256	7247
711	7104	7408	7279	7271
712	7116	7417	7294	7285
713	7137	7429	7306	7300
714	7157	7446	7319	7314
715	7173	7468	7332	7329
716	7183	7498	7344	7343
717	7201	7510	7358	7358
718	7214	7523	7374	7373
719	7226	7535	7390	7388
720	7237	7556	7405	7402
721	7245	7581	7419	7417
722	7264	7586	7434	7431
723	7278	7595	7448	7445
724	7291	7605	7462	7459
725	7300	7620	7477	7474
726	7312	7640	7490	7488
727	7333	7648	7506	7502
728	7352	7657	7520	7516
729	7367	7665	7535	7531
730	7379	7677	7550	7545
731	7390	7695	7565	7559
732	7415	7701	7578	7574
733	7437	7708	7592	7588
734	7454	7717	7607	7602
735	7468	7729	7622	7617
736	7478	7744	7637	7631
737	7514	7751	7651	7646
738	7549	7759	7663	7660
739	7574	7767	7676	7675
740	7591	7779	7691	7690
741	7607	7793	7705	7705
742	7619	7801	7714	7714
743	7627	7811	7724	7723
744	7635	7820	7733	7732
745	7643	7833	7742	7741
746	7648	7848	7750	7751
747	7660	7852	7759	7760
748	7670	7859	7769	7769
749	7678	7868	7778	7778
750	7684	7879	7787	7787
751	7691	7893	7796	7796
752	7705	7898	7806	7805
753	7717	7904	7815	7815
754	7728	7911	7825	7824
755	7733	7921	7835	7833
756	7740	7935	7844	7843
757	7754	7940	7852	7852
758	7769	7946	7862	7861
759	7781	7952	7872	7871
760	7790	7963	7881	7880
