0
10
20
30
50
70
100
110
130
150
170
190
200
230
250
260
270
290
310
330
350
370
390
400
410
425
445
465
485
495
530
540
560
580
600
610
625
635
645
655
665
685
675
690
695
700
705
710
715
730
740
750
770
790
800
820
840
860
880
901
920
940
960
980
1000
1020
1040
1060
1080
1100
1120
1140
1160
1180
1200
1220
1240
1260
1290
1300
1320
1340
1355
1380
1400
1420
1440
1460
1480
1500
1520
1540
1560
1575
1595
1615
1635
1650
1675
1695
1705
1720
1740
1760
1780
1800
1820
1845
1860
1880
1900
1920
1940
1960
1980
2000
2020
2045
2060
2080
2100
2120
2140
2160
2180
2200
2220
2240
2260
2270
2290
2310
2330
2350
2370
2390
2410
2430
2450
2470
2490
2510
2520
2540
2550
2557
