depth	min	max	median	mean
24	552	677	622	616
25	561	694	633	629
26	566	721	644	642
27	572	749	656	655
28	576	780	666	667
29	579	810	676	680
30	591	820	689	692
31	598	828	702	704
32	604	840	715	716
33	610	857	727	728
34	615	880	739	740
35	628	887	751	753
36	637	897	766	766
37	645	909	781	779
38	652	922	794	791
39	657	940	808	804
40	672	947	822	817
41	681	955	838	831
42	689	964	853	844
43	697	976	869	857
44	704	991	884	870
45	717	997	898	884
46	730	1005	913	898
47	742	1012	928	912
48	752	1023	944	925
49	761	1040	959	939
50	772	1047	966	947
51	785	1054	974	956
52	792	1063	983	964
53	797	1072	990	973
54	803	1085	998	981
55	808	1091	1004	987
56	812	1098	1010	994
57	817	1104	1015	1000
58	820	1115	1021	1006
59	825	1128	1026	1012
60	831	1134	1032	1018
61	838	1140	1037	1025
62	844	1148	1043	1031
63	848	1159	1048	1037
64	852	1171	1053	1044
65	860	1176	1060	1049
66	868	1183	1065	1055
67	873	1190	1071	1061
68	878	1199	1076	1067
69	883	1209	1081	1073
70	889	1214	1087	1079
71	895	1220	1093	1085
72	900	1226	1099	1091
73	904	1235	1104	1096
74	907	1243	1110	1102
75	912	1249	1116	1108
76	919	1254	1122	1114
77	924	1261	1127	1119
78	931	1269	1133	1125
79	936	1277	1138	1131
80	942	1284	1143	1137
81	948	1291	1149	1143
82	955	1297	1154	1148
83	960	1306	1160	1154
84	966	1315	1166	1160
85	970	1321	1171	1166
86	978	1326	1177	1172
87	983	1332	1183	1178
88	988	1338	1189	1184
89	991	1344	1194	1189
90	998	1352	1200	1196
91	1008	1360	1206	1202
92	1011	1367	1212	1208
93	1017	1376	1218	1214
94	1023	1383	1224	1220
95	1028	1389	1229	1226
96	1035	1396	1236	1232
97	1043	1403	1242	1238
98	1050	1408	1247	1243
99	1058	1417	1253	1249
100	1063	1422	1259	1255
101	1068	1428	1264	1261
102	1075	1436	1270	1267
103	1081	1443	1276	1273
104	1084	1450	1282	1279
105	1092	1454	1288	1284
106	1097	1459	1293	1290
107	1103	1467	1299	1296
108	1107	1474	1305	1302
109	1113	1481	1311	1308
110	1118	1486	1316	1314
111	1124	1492	1323	1320
112	1131	1497	1329	1326
113	1136	1505	1335	1331
114	1143	1511	1340	1337
115	1149	1519	1346	1343
116	1155	1524	1352	1349
117	1161	1530	1358	1355
118	1169	1536	1364	1361
119	1172	1543	1370	1367
120	1183	1548	1376	1373
121	1192	1556	1382	1379
122	1199	1564	1388	1385
123	1204	1572	1393	1391
124	1209	1578	1399	1397
125	1218	1585	1405	1403
126	1224	1592	1411	1409
127	1230	1598	1417	1415
128	1235	1603	1423	1421
129	1242	1609	1429	1427
130	1247	1615	1435	1433
131	1253	1620	1441	1439
132	1260	1625	1445	1445
133	1266	1633	1451	1451
134	1271	1640	1457	1456
135	1280	1645	1462	1462
136	1287	1652	1468	1468
137	1294	1658	1474	1474
138	1299	1662	1480	1479
139	1306	1668	1486	1485
140	1314	1673	1491	1491
141	1321	1680	1497	1497
142	1327	1685	1502	1503
143	1332	1693	1507	1509
144	1337	1701	1513	1515
145	1345	1705	1520	1520
146	1351	1710	1526	1526
147	1358	1716	1532	1532
148	1362	1721	1537	1538
149	1366	1729	1543	1544
150	1375	1735	1549	1550
151	1383	1740	1555	1555
152	1389	1746	1561	1561
153	1396	1754	1566	1567
154	1400	1761	1571	1573
155	1407	1766	1577	1579
156	1414	1770	1583	1585
157	1418	1777	1589	1591
158	1423	1783	1595	1597
159	1430	1791	1601	1603
160	1437	1796	1606	1609
161	1444	1801	1612	1615
162	1452	1806	1617	1621
163	1460	1815	1623	1627
164	1467	1824	1629	1633
165	1475	1829	1634	1639
166	1482	1835	1641	1645
167	1491	1839	1647	1652
168	1497	1846	1653	1658
169	1505	1853	1659	1664
170	1513	1860	1665	1670
171	1520	1867	1670	1676
172	1527	1873	1676	1682
173	1533	1880	1682	1688
174	1538	1887	1688	1694
175	1546	1894	1693	1699
176	1554	1897	1699	1705
177	1559	1902	1705	1711
178	1564	1907	1711	1717
179	1568	1913	1717	1723
180	1577	1920	1722	1729
181	1585	1926	1729	1735
182	1591	1931	1735	1741
183	1599	1937	1740	1747
184	1603	1944	1746	1753
185	1612	1949	1751	1759
186	1621	1956	1756	1765
187	1628	1962	1762	1771
188	1634	1967	1768	1776
189	1640	1975	1774	1782
190	1649	1982	1778	1788
191	1658	1991	1783	1794
192	1666	1997	1789	1800
193	1675	2009	1794	1806
194	1681	2018	1800	1811
195	1691	2024	1805	1817
196	1700	2029	1810	1824
197	1706	2038	1815	1830
198	1711	2048	1821	1836
199	1718	2056	1826	1842
200	1726	2057	1834	1849
201	1733	2067	1842	1856
202	1738	2073	1851	1864
203	1744	2083	1858	1871
204	1747	2094	1867	1879
205	1754	2102	1873	1886
206	1760	2110	1881	1893
207	1765	2120	1888	1900
208	1769	2127	1896	1908
209	1774	2139	1904	1915
210	1782	2143	1911	1923
211	1789	2153	1918	1931
212	1795	2161	1927	1939
213	1800	2172	1936	1947
214	1804	2184	1943	1955
215	1813	2191	1951	1963
216	1820	2199	1959	1971
217	1825	2210	1967	1979
218	1829	2222	1975	1987
219	1835	2232	1984	1996
220	1841	2239	1991	2003
221	1849	2252	1999	2011
222	1856	2261	2007	2019
223	1863	2278	2015	2027
224	1867	2291	2023	2034
225	1874	2301	2030	2042
226	1882	2311	2038	2050
227	1887	2321	2045	2057
228	1892	2330	2053	2065
229	1898	2343	2061	2073
230	1906	2352	2069	2081
231	1914	2360	2077	2089
232	1923	2370	2084	2096
233	1928	2381	2092	2104
234	1932	2390	2099	2112
235	1940	2401	2108	2120
236	1949	2410	2115	2128
237	1959	2417	2122	2136
238	1964	2425	2128	2144
239	1969	2433	2135	2152
240	1977	2443	2143	2159
241	1985	2450	2150	2167
242	1991	2462	2158	2174
243	1999	2471	2166	2182
244	2003	2478	2173	2190
245	2011	2486	2180	2198
246	2019	2498	2189	2206
247	2027	2512	2196	2213
248	2033	2523	2205	2221
249	2038	2531	2213	2229
250	2047	2543	2220	2237
251	2053	2554	2227	2244
252	2062	2570	2235	2252
253	2067	2579	2242	2260
254	2072	2591	2250	2267
255	2081	2597	2258	2275
256	2091	2604	2265	2283
257	2098	2613	2273	2290
258	2104	2625	2281	2298
259	2110	2634	2289	2306
260	2118	2640	2296	2313
261	2125	2648	2304	2321
262	2130	2655	2311	2329
263	2136	2664	2319	2336
264	2144	2673	2326	2344
265	2151	2680	2334	2352
266	2161	2688	2342	2360
267	2166	2701	2349	2368
268	2174	2716	2356	2376
269	2180	2731	2364	2384
270	2191	2742	2372	2391
271	2198	2748	2379	2399
272	2209	2763	2387	2406
273	2218	2776	2395	2414
274	2226	2787	2402	2421
275	2235	2798	2409	2429
276	2243	2806	2417	2437
277	2250	2811	2425	2446
278	2258	2825	2433	2454
279	2264	2838	2441	2462
280	2274	2846	2447	2469
281	2282	2853	2454	2477
282	2290	2860	2461	2484
283	2295	2865	2468	2492
284	2301	2875	2476	2499
285	2307	2883	2483	2507
286	2314	2894	2490	2515
287	2321	2905	2497	2522
288	2329	2916	2504	2530
289	2336	2925	2512	2537
290	2345	2936	2519	2545
291	2357	2946	2525	2553
292	2365	2961	2533	2561
293	2372	2971	2540	2568
294	2379	2984	2546	2576
295	2390	2994	2553	2584
296	2397	3001	2561	2591
297	2404	3010	2569	2599
298	2410	3022	2576	2607
299	2416	3034	2583	2614
300	2430	3042	2590	2622
301	2441	3051	2597	2630
302	2450	3059	2604	2638
303	2456	3067	2611	2646
304	2464	3080	2619	2654
305	2477	3085	2626	2662
306	2487	3094	2632	2670
307	2496	3107	2639	2678
308	2503	3115	2645	2685
309	2508	3127	2652	2693
310	2525	3134	2659	2701
311	2537	3144	2665	2710
312	2549	3150	2672	2718
313	2559	3156	2680	2726
314	2569	3165	2688	2735
315	2581	3178	2701	2747
316	2592	3190	2715	2760
317	2600	3202	2727	2773
318	2609	3214	2740	2786
319	2616	3228	2752	2798
320	2627	3236	2767	2812
321	2635	3248	2782	2825
322	2646	3261	2796	2839
323	2654	3273	2811	2852
324	2661	3288	2824	2866
325	2675	3295	2839	2879
326	2687	3308	2851	2892
327	2695	3323	2866	2905
328	2701	3334	2880	2919
329	2709	3346	2895	2932
330	2724	3355	2908	2946
331	2737	3367	2923	2959
332	2747	3380	2937	2973
333	2756	3396	2951	2987
334	2762	3414	2965	3000
335	2773	3427	2981	3014
336	2784	3436	2995	3027
337	2793	3451	3010	3041
338	2801	3462	3025	3054
339	2807	3477	3038	3068
340	2823	3491	3052	3081
341	2834	3506	3066	3095
342	2842	3519	3079	3108
343	2850	3536	3094	3122
344	2860	3553	3108	3135
345	2876	3565	3122	3149
346	2885	3577	3135	3162
347	2896	3591	3150	3176
348	2904	3601	3167	3189
349	2913	3615	3181	3203
350	2931	3632	3195	3216
351	2943	3643	3209	3230
352	2953	3655	3222	3243
353	2966	3666	3238	3256
354	2977	3682	3251	3270
355	2986	3691	3265	3283
356	3000	3705	3279	3296
357	3008	3715	3294	3309
358	3016	3723	3307	3322
359	3026	3734	3322	3335
360	3046	3746	3335	3349
361	3057	3756	3351	3364
362	3070	3771	3367	3378
363	3078	3783	3382	3392
364	3086	3794	3396	3407
365	3103	3809	3409	3421
366	3115	3820	3424	3435
367	3125	3831	3438	3448
368	3136	3845	3453	3462
369	3144	3858	3466	3476
370	3163	3869	3479	3489
371	3176	3881	3490	3502
372	3190	3890	3504	3515
373	3201	3899	3519	3528
374	3212	3917	3533	3541
375	3225	3929	3545	3554
376	3238	3940	3559	3568
377	3251	3950	3572	3581
378	3264	3965	3586	3594
379	3273	3980	3599	3608
380	3286	3991	3612	3621
381	3300	4002	3626	3634
382	3309	4015	3639	3648
383	3319	4030	3653	3661
384	3328	4041	3666	3674
385	3345	4049	3679	3688
386	3362	4058	3693	3702
387	3374	4072	3706	3715
388	3382	4085	3721	3729
389	3394	4098	3735	3742
390	3407	4107	3748	3756
391	3422	4122	3763	3769
392	3439	4135	3778	3783
393	3452	4151	3793	3796
394	3465	4163	3807	3810
395	3484	4174	3820	3823
396	3503	4183	3832	3836
397	3516	4197	3845	3850
398	3534	4209	3858	3863
399	3545	4222	3873	3876
400	3567	4232	3887	3890
401	3581	4239	3900	3904
402	3593	4254	3913	3918
403	3605	4270	3927	3931
404	3617	4283	3939	3945
405	3634	4292	3953	3959
406	3659	4303	3967	3973
407	3675	4317	3983	3987
408	3685	4334	3999	4001
409	3695	4349	4013	4015
410	3711	4361	4026	4028
411	3728	4367	4038	4041
412	3740	4378	4052	4054
413	3756	4392	4066	4067
414	3766	4404	4080	4080
415	3783	4414	4093	4095
416	3796	4425	4107	4109
417	3810	4437	4119	4123
418	3827	4454	4134	4138
419	3835	4472	4147	4152
420	3859	4481	4160	4166
421	3876	4489	4173	4179
422	3891	4498	4185	4193
423	3904	4515	4199	4206
424	3915	4525	4212	4219
425	3938	4534	4226	4233
426	3955	4543	4241	4246
427	3968	4552	4254	4259
428	3977	4565	4269	4273
429	3988	4580	4282	4286
430	4012	4588	4295	4300
431	4034	4602	4307	4314
432	4049	4615	4321	4327
433	4060	4630	4334	4341
434	4072	4647	4348	4355
435	4098	4658	4361	4370
436	4122	4667	4376	4384
437	4139	4675	4389	4399
438	4153	4687	4403	4413
439	4162	4701	4417	4428
440	4184	4706	4428	4441
441	4201	4715	4442	4455
442	4216	4723	4454	4468
443	4230	4734	4468	4481
444	4242	4747	4480	4495
445	4268	4753	4493	4509
446	4294	4761	4506	4523
447	4317	4768	4519	4538
448	4334	4778	4533	4552
449	4348	4789	4547	4566
450	4379	4796	4560	4581
451	4407	4806	4573	4596
452	4424	4820	4587	4611
453	4433	4841	4605	4626
454	4439	4865	4620	4641
455	4456	4880	4636	4658
456	4468	4901	4654	4674
457	4478	4927	4675	4691
458	4485	4958	4694	4708
459	4492	4990	4712	4725
460	4510	5009	4729	4742
461	4522	5027	4749	4759
462	4534	5053	4768	4776
463	4543	5076	4787	4792
464	4552	5107	4804	4809
465	4571	5124	4821	4827
466	4589	5141	4838	4845
467	4602	5164	4856	4862
468	4613	5188	4874	4880
469	4621	5213	4894	4897
470	4639	5231	4911	4914
471	4658	5244	4928	4931
472	4671	5264	4944	4948
473	4682	5284	4963	4965
474	4686	5312	4979	4983
475	4707	5326	4997	4999
476	4722	5341	5013	5016
477	4733	5358	5030	5033
478	4747	5377	5046	5049
479	4756	5400	5063	5066
480	4774	5414	5079	5082
481	4789	5430	5095	5099
482	4803	5448	5113	5115
483	4818	5460	5129	5131
484	4830	5482	5144	5148
485	4851	5496	5164	5165
486	4870	5510	5180	5182
487	4886	5531	5199	5200
488	4901	5554	5217	5217
489	4914	5572	5233	5234
490	4930	5584	5250	5251
491	4951	5594	5266	5268
492	4962	5608	5282	5286
493	4974	5623	5301	5303
494	4984	5639	5319	5320
495	5003	5653	5337	5336
496	5020	5668	5355	5353
497	5035	5686	5371	5369
498	5049	5703	5388	5386
499	5062	5722	5404	5402
500	5083	5731	5421	5420
501	5104	5746	5439	5437
502	5119	5765	5457	5454
503	5135	5781	5472	5471
504	5151	5804	5490	5488
505	5170	5819	5506	5506
506	5192	5832	5525	5523
507	5207	5845	5541	5541
508	5221	5867	5560	5559
509	5236	5892	5578	5576
510	5257	5905	5593	5593
511	5278	5917	5611	5610
512	5293	5930	5629	5627
513	5309	5948	5648	5644
514	5325	5967	5666	5661
515	5349	5979	5681	5678
516	5372	5990	5700	5695
517	5390	6004	5717	5711
518	5409	6017	5734	5728
519	5421	6036	5750	5745
520	5453	6051	5767	5762
521	5473	6067	5784	5779
522	5495	6081	5801	5796
523	5511	6096	5819	5813
524	5522	6115	5836	5829
525	5548	6125	5854	5847
526	5569	6139	5871	5864
527	5584	6150	5889	5882
528	5601	6166	5907	5899
529	5614	6189	5924	5917
530	5639	6198	5939	5933
531	5663	6203	5956	5950
532	5677	6217	5974	5967
533	5694	6228	5990	5983
534	5708	6245	6007	6000
535	5740	6254	6025	6017
536	5766	6265	6043	6035
537	5789	6277	6059	6052
538	5808	6289	6077	6070
539	5822	6305	6095	6087
540	5857	6315	6111	6104
541	5878	6325	6128	6121
542	5899	6336	6145	6138
543	5914	6347	6163	6155
544	5933	6363	6179	6172
545	5973	6369	6194	6189
546	6010	6382	6208	6206
547	6041	6393	6224	6223
548	6067	6407	6241	6240
549	6086	6426	6260	6257
550	6121	6436	6276	6277
551	6148	6455	6291	6297
552	6169	6480	6310	6317
553	6188	6512	6331	6337
554	6203	6548	6350	6357
555	6221	6568	6372	6377
556	6237	6597	6395	6398
557	6249	6629	6414	6419
558	6253	6670	6432	6440
559	6260	6720	6450	6461
560	6279	6746	6473	6483
561	6294	6773	6495	6505
562	6308	6803	6517	6527
563	6317	6838	6539	6549
564	6325	6888	6559	6570
565	6346	6907	6579	6592
566	6363	6932	6601	6614
567	6375	6956	6623	6636
568	6387	6987	6643	6658
569	6397	7033	6664	6679
570	6421	7061	6685	6701
571	6436	7089	6705	6723
572	6449	7117	6728	6744
573	6459	7150	6750	6766
574	6472	7192	6770	6788
575	6495	7209	6792	6809
576	6511	7223	6815	6831
577	6527	7245	6838	6853
578	6541	7272	6861	6874
579	6556	7310	6882	6896
580	6574	7329	6905	6918
581	6591	7354	6927	6940
582	6605	7376	6949	6962
583	6618	7410	6972	6984
584	6629	7447	6994	7007
585	6654	7468	7017	7029
586	6676	7490	7039	7051
587	6694	7510	7062	7073
588	6709	7535	7087	7095
589	6722	7561	7108	7117
590	6742	7577	7131	7139
591	6759	7599	7152	7160
592	6772	7625	7175	7182
593	6786	7656	7199	7204
594	6799	7687	7220	7226
595	6826	7703	7241	7248
596	6846	7718	7263	7269
597	6862	7735	7283	7290
598	6878	7757	7306	7312
599	6892	7784	7328	7333
600	6915	7799	7349	7355
601	6939	7819	7370	7377
602	6964	7848	7394	7399
603	6984	7871	7417	7421
604	6996	7897	7440	7443
605	7026	7915	7460	7464
606	7045	7937	7480	7486
607	7062	7958	7502	7507
608	7075	7985	7527	7529
609	7093	8013	7548	7551
610	7119	8030	7569	7572
611	7141	8044	7590	7593
612	7161	8072	7611	7615
613	7185	8103	7632	7636
614	7198	8133	7654	7657
615	7226	8148	7676	7679
616	7243	8160	7699	7701
617	7264	8185	7721	7723
618	7281	8204	7745	7745
619	7298	8226	7767	7767
620	7320	8241	7789	7788
621	7349	8260	7810	7809
622	7371	8283	7832	7831
623	7386	8303	7855	7852
624	7406	8325	7874	7874
625	7429	8341	7896	7896
626	7457	8360	7919	7918
627	7475	8382	7943	7940
628	7495	8411	7965	7963
629	7513	8441	7989	7985
630	7542	8461	8010	8007
631	7565	8472	8034	8028
632	7585	8496	8056	8050
633	7601	8522	8077	8072
634	7619	8545	8100	8093
635	7651	8560	8123	8116
636	7676	8577	8145	8138
637	7694	8596	8166	8160
638	7712	8628	8191	8183
639	7728	8655	8209	8205
640	7761	8669	8233	8227
641	7790	8679	8256	8249
642	7807	8699	8277	8271
643	7830	8719	8299	8293
644	7846	8744	8321	8315
645	7869	8760	8344	8336
646	7894	8770	8365	8358
647	7917	8782	8388	8379
648	7936	8799	8413	8401
649	7955	8818	8435	8422
650	7990	8838	8457	8444
651	8014	8852	8480	8466
652	8037	8870	8501	8489
653	8066	8892	8524	8511
654	8093	8915	8544	8533
655	8120	8929	8566	8555
656	8149	8942	8588	8577
657	8177	8960	8612	8599
658	8195	8985	8633	8620
659	8215	9005	8653	8642
660	8243	9018	8678	8664
661	8267	9033	8703	8686
662	8287	9044	8727	8708
663	8311	9058	8748	8729
664	8327	9081	8771	8751
665	8366	9094	8794	8773
666	8394	9107	8816	8794
667	8424	9121	8839	8816
668	8448	9141	8862	8837
669	8465	9157	8882	8859
670	8499	9168	8901	8880
671	8532	9180	8920	8901
672	8555	9200	8940	8922
673	8575	9218	8961	8943
674	8596	9237	8981	8964
675	8629	9245	8999	8986
676	8647	9258	9018	9007
677	8672	9272	9038	9029
678	8699	9289	9058	9051
679	8722	9307	9080	9072
680	8744	9319	9097	9089
681	8757	9337	9112	9105
682	8775	9361	9128	9122
683	8792	9391	9144	9138
684	8805	9413	9159	9155
685	8819	9429	9174	9170
686	8833	9443	9191	9185
687	8847	9461	9207	9200
688	8856	9481	9222	9216
689	8868	9502	9237	9231
690	8890	9522	9252	9246
691	8906	9538	9268	9262
692	8918	9557	9284	9277
693	8930	9577	9299	9293
694	8949	9597	9313	9308
695	8961	9611	9328	9323
696	8976	9626	9343	9338
697	8991	9646	9357	9353
698	9002	9670	9371	9368
699	9012	9689	9384	9383
700	9028	9705	9400	9397
701	9041	9722	9414	9412
702	9051	9741	9428	9427
703	9061	9766	9442	9442
704	9075	9796	9456	9456
705	9093	9809	9471	9472
706	9107	9823	9489	9488
707	9129	9839	9505	9504
708	9148	9856	9521	9519
709	9158	9875	9536	9535
710	9177	9886	9552	9550
711	9195	9904	9569	9565
712	9205	9920	9582	9580
713	9221	9939	9598	9596
714	9235	9959	9613	9611
715	9249	9975	9628	9626
716	9272	9993	9644	9641
717	9289	10014	9661	9656
718	9301	10033	9676	9671
719	9318	10048	9690	9686
720	9334	10057	9706	9702
721	9347	10073	9722	9718
722	9361	10084	9738	9734
723	9373	10100	9754	9749
724	9382	10118	9772	9765
725	9401	10130	9786	9781
726	9408	10145	9801	9797
727	9426	10158	9817	9812
728	9443	10181	9833	9828
729	9454	10208	9849	9844
730	9473	10222	9864	9859
731	9486	10233	9880	9875
732	9502	10247	9896	9890
733	9517	10264	9911	9905
734	9529	10279	9926	9920
735	9548	10295	9942	9935
736	9569	10307	9956	9950
737	9588	10324	9968	9965
738	9606	10341	9983	9980
739	9618	10362	9997	9995
740	9637	10370	10013	10010
741	9652	10386	10028	10025
742	9662	10403	10044	10040
743	9678	10421	10060	10055
744	9691	10442	10074	10070
745	9705	10450	10089	10085
746	9720	10467	10104	10100
747	9733	10485	10119	10116
748	9745	10499	10133	10131
749	9755	10519	10148	10146
750	9779	10532	10164	10161
751	9800	10543	10178	10177
752	9811	10552	10194	10192
753	9827	10565	10210	10207
754	9840	10584	10224	10222
755	9857	10602	10239	10237
756	9871	10618	10254	10252
757	9888	10636	10269	10268
758	9904	10645	10285	10283
759	9916	10662	10300	10298
760	9936	10674	10316	10314
761	9959	10684	10331	10330
762	9976	10700	10348	10345
763	9993	10721	10364	10361
764	10003	10738	10381	10377
765	10019	10748	10397	10392
766	10040	10758	10412	10407
767	10053	10773	10427	10422
768	10069	10788	10442	10437
769	10083	10812	10456	10451
770	10098	10825	10470	10467
771	10113	10836	10485	10482
772	10128	10853	10502	10497
773	10146	10870	10517	10512
774	10158	10887	10532	10527
775	10178	10898	10546	10542
776	10195	10910	10561	10557
777	10211	10924	10576	10572
778	10228	10936	10592	10587
779	10240	10954	10606	10602
780	10266	10965	10620	10618
781	10280	10975	10635	10633
782	10296	10993	10650	10648
783	10309	11010	10664	10663
784	10316	11024	10678	10678
785	10337	11035	10692	10693
786	10356	11046	10706	10708
787	10373	11060	10719	10724
788	10389	11073	10735	10739
789	10402	11086	10749	10754
790	10426	11096	10762	10769
791	10438	11106	10776	10784
792	10453	11117	10791	10799
793	10475	11133	10806	10814
794	10488	11149	10819	10829
795	10510	11159	10833	10844
796	10527	11171	10846	10859
797	10544	11186	10863	10873
798	10561	11203	10878	10888
799	10570	11222	10892	10902
800	10581	11235	10904	10915
801	10593	11251	10915	10927
802	10602	11267	10926	10939
803	10607	11284	10938	10952
804	10615	11306	10948	10964
805	10631	11322	10960	10976
806	10638	11337	10973	10988
807	10646	11353	10984	11000
808	10658	11369	10995	11012
809	10671	11389	11005	11023
810	10682	11407	11017	11036
811	10690	11423	11029	11048
812	10699	11439	11040	11060
813	10710	11461	11052	11072
814	10725	11483	11063	11084
815	10735	11493	11075	11096
816	10746	11511	11086	11107
817	10754	11527	11099	11119
818	10760	11546	11111	11130
819	10773	11571	11123	11142
820	10782	11586	11135	11153
821	10797	11600	11146	11165
822	10807	11619	11157	11177
823	10817	11637	11169	11189
824	10824	11659	11180	11201
825	10832	11669	11192	11213
826	10843	11681	11205	11225
827	10857	11696	11217	11236
828	10863	11717	11228	11248
829	10872	11736	11240	11260
830	10883	11754	11251	11272
831	10892	11773	11263	11284
832	10904	11794	11274	11296
833	10912	11813	11284	11308
834	10922	11830	11295	11321
835	10929	11854	11307	11332
836	10943	11872	11320	11344
837	10952	11883	11333	11356
838	10958	11902	11345	11368
839	10963	11924	11358	11380
840	10975	11935	11370	11392
841	10987	11949	11381	11404
842	10996	11964	11393	11416
843	11000	11981	11405	11428
844	11006	12001	11417	11440
845	11019	12018	11428	11452
846	11029	12041	11441	11464
847	11038	12054	11453	11475
848	11047	12076	11466	11487
849	11055	12093	11477	11499
850	11064	12115	11489	11511
851	11074	12133	11498	11523
852	11088	12148	11510	11534
853	11095	12172	11522	11546
854	11102	12195	11532	11558
855	11112	12209	11545	11570
856	11120	12224	11558	11582
857	11132	12251	11570	11594
858	11138	12266	11582	11606
859	11147	12295	11593	11618
860	11158	12313	11605	11630
861	11169	12333	11618	11643
862	11181	12346	11631	11655
863	11191	12364	11644	11667
864	11202	12380	11656	11679
865	11212	12399	11666	11690
866	11220	12414	11677	11702
867	11233	12429	11690	11713
868	11244	12445	11700	11724
869	11251	12464	11710	11736
870	11260	12482	11724	11748
871	11268	12509	11737	11760
872	11277	12518	11748	11772
873	11285	12534	11761	11784
874	11296	12564	11775	11796
875	11306	12585	11787	11809
876	11316	12603	11799	11821
877	11323	12622	11811	11833
878	11331	12645	11822	11846
879	11339	12663	11833	11858
880	11349	12684	11846	11870
881	11358	12707	11859	11882
882	11368	12722	11873	11894
883	11378	12739	11883	11906
884	11385	12750	11895	11918
885	11394	12767	11908	11930
886	11403	12777	11921	11943
887	11415	12789	11933	11955
888	11432	12803	11945	11967
889	11440	12817	11957	11979
