depth	min	max	median	mean
21.5	144	418	293	272
22.5	157	421	295	279
23.5	162	424	298	285
24.5	163	426	300	292
25.5	164	430	303	298
26.5	172	433	307	304
27.5	183	436	310	309
28.5	190	439	312	314
29.5	197	444	315	318
30.5	202	452	318	323
31.5	217	458	321	328
32.5	242	460	324	334
33.5	266	461	327	339
34.5	286	464	330	344
35.5	299	470	335	350
36.5	306	474	338	354
37.5	311	475	341	357
38.5	314	478	344	360
39.5	316	481	346	364
40.5	317	486	349	367
41.5	318	490	351	370
42.5	319	491	353	372
43.5	321	494	355	375
44.5	322	497	356	377
45.5	323	500	358	380
46.5	325	503	360	382
47.5	327	504	362	385
48.5	328	506	364	387
49.5	328	509	366	390
50.5	330	512	368	392
51.5	331	516	370	395
52.5	333	517	372	397
53.5	335	519	374	399
54.5	336	522	376	401
55.5	336	524	378	403
56.5	338	527	381	406
57.5	340	528	385	408
58.5	341	530	389	411
59.5	342	532	393	414
60.5	342	535	396	417
61.5	344	537	400	419
62.5	346	539	403	422
63.5	347	541	406	424
64.5	349	543	409	426
65.5	349	545	412	429
66.5	352	548	415	431
67.5	354	550	417	434
68.5	355	551	421	437
69.5	357	554	425	439
70.5	358	557	427	442
71.5	360	559	430	445
72.5	361	560	433	447
73.5	363	563	436	449
74.5	364	564	440	452
75.5	365	566	444	454
76.5	367	567	446	457
77.5	369	568	449	459
78.5	371	569	452	461
79.5	373	571	455	464
80.5	374	573	457	466
81.5	377	575	459	468
82.5	379	576	462	471
83.5	381	577	465	473
84.5	382	580	469	475
85.5	383	581	471	477
86.5	386	583	474	479
87.5	388	585	478	482
88.5	391	587	481	485
89.5	392	589	484	487
90.5	394	591	488	490
91.5	395	593	490	492
92.5	398	594	493	495
93.5	399	597	496	498
94.5	402	599	498	500
95.5	404	601	501	503
96.5	407	602	504	505
97.5	411	603	507	508
98.5	413	604	510	510
99.5	415	606	513	513
100.5	417	607	517	515
101.5	419	609	520	518
102.5	422	610	521	520
103.5	424	612	524	522
104.5	426	614	526	525
105.5	427	616	529	527
106.5	430	618	532	529
107.5	435	619	534	532
108.5	437	621	536	534
109.5	439	623	539	537
110.5	441	625	542	540
111.5	445	627	545	542
112.5	449	629	548	545
113.5	453	631	551	548
114.5	455	634	554	551
115.5	457	636	557	553
116.5	460	638	559	556
117.5	464	639	561	558
118.5	469	640	563	560
119.5	471	642	566	563
120.5	473	643	568	565
121.5	477	645	570	567
122.5	482	646	573	570
123.5	485	646	575	572
124.5	486	648	577	575
125.5	489	649	580	578
126.5	493	650	583	580
127.5	498	651	585	582
128.5	503	652	587	585
129.5	507	653	590	587
130.5	511	656	592	590
131.5	514	656	594	592
132.5	516	657	597	594
133.5	519	658	599	596
134.5	522	659	601	598
135.5	525	661	603	601
136.5	529	663	605	603
137.5	534	663	608	605
138.5	538	665	610	608
139.5	541	666	613	610
140.5	543	667	616	613
141.5	546	668	618	615
142.5	551	669	621	618
143.5	554	671	624	621
144.5	557	673	627	625
145.5	559	676	630	628
146.5	563	685	635	632
147.5	568	693	640	638
148.5	571	709	644	644
149.5	575	726	648	650
150.5	579	746	652	656
151.5	582	756	657	661
152.5	587	763	663	667
153.5	592	770	668	672
154.5	595	781	673	677
155.5	596	795	677	683
156.5	600	804	682	688
157.5	607	808	687	693
158.5	610	813	693	698
159.5	613	818	698	702
160.5	615	822	703	707
161.5	619	826	709	712
162.5	626	834	714	718
163.5	630	837	721	724
164.5	633	843	727	730
165.5	635	853	732	736
166.5	640	861	737	741
167.5	644	863	743	746
168.5	648	864	749	751
169.5	651	868	754	756
170.5	653	873	760	761
171.5	658	876	764	766
172.5	663	879	770	770
173.5	668	883	775	775
174.5	671	887	781	780
175.5	673	893	786	784
176.5	679	897	790	790
177.5	685	899	796	795
178.5	689	902	803	801
179.5	694	905	808	807
180.5	697	910	813	812
181.5	703	916	819	818
182.5	712	917	825	823
183.5	719	920	830	829
184.5	723	923	837	834
185.5	727	928	843	840
186.5	735	933	848	845
187.5	743	934	853	851
188.5	749	936	860	856
189.5	756	938	866	861
190.5	761	944	873	866
191.5	770	947	878	871
192.5	780	948	885	876
193.5	789	950	891	881
194.5	797	952	898	886
195.5	802	954	904	891
196.5	810	958	909	897
197.5	818	963	914	903
198.5	823	970	918	910
199.5	827	978	923	917
200.5	830	991	928	924
201.5	838	1000	934	931
202.5	855	1002	939	937
203.5	866	1005	946	944
204.5	873	1008	953	950
205.5	877	1013	960	957
206.5	888	1018	964	962
207.5	899	1019	968	965
208.5	906	1021	972	969
209.5	910	1024	976	973
210.5	913	1029	979	977
211.5	915	1034	982	980
212.5	918	1035	983	982
213.5	921	1037	985	984
214.5	923	1039	987	986
215.5	924	1042	989	988
216.5	926	1045	991	990
217.5	930	1046	993	992
218.5	932	1047	995	994
219.5	934	1049	997	996
220.5	936	1050	999	998
221.5	937	1053	1000	1000
222.5	940	1054	1002	1002
223.5	942	1056	1004	1004
224.5	943	1058	1006	1006
225.5	945	1062	1008	1009
226.5	947	1065	1010	1011
227.5	950	1068	1012	1013
228.5	952	1071	1014	1015
229.5	953	1075	1017	1017
230.5	954	1079	1018	1019
231.5	956	1084	1020	1021
232.5	958	1086	1023	1023
233.5	960	1088	1025	1025
234.5	961	1091	1028	1027
235.5	962	1094	1030	1029
236.5	964	1097	1032	1031
237.5	966	1099	1034	1033
238.5	968	1102	1036	1035
239.5	970	1104	1038	1037
240.5	972	1107	1039	1039
241.5	972	1109	1042	1041
242.5	974	1112	1044	1043
243.5	977	1114	1047	1045
244.5	978	1116	1049	1047
245.5	980	1118	1050	1050
246.5	981	1121	1052	1052
247.5	983	1123	1055	1054
248.5	985	1127	1057	1056
249.5	985	1129	1058	1058
250.5	986	1133	1061	1060
251.5	988	1136	1063	1062
252.5	990	1137	1065	1064
253.5	991	1140	1066	1066
254.5	993	1141	1068	1067
255.5	995	1143	1069	1069
256.5	996	1145	1071	1071
257.5	998	1147	1074	1073
258.5	1001	1148	1076	1075
259.5	1002	1151	1078	1077
260.5	1004	1154	1080	1080
261.5	1006	1156	1082	1082
262.5	1008	1157	1084	1084
263.5	1011	1158	1086	1086
264.5	1012	1160	1088	1088
265.5	1014	1164	1090	1090
266.5	1017	1167	1092	1092
267.5	1019	1169	1094	1094
268.5	1021	1171	1096	1096
269.5	1024	1173	1098	1097
270.5	1025	1177	1100	1099
271.5	1028	1180	1102	1101
272.5	1031	1181	1104	1104
273.5	1034	1184	1106	1106
274.5	1036	1188	1109	1108
275.5	1037	1194	1111	1110
276.5	1040	1198	1113	1113
277.5	1044	1199	1115	1115
278.5	1047	1201	1117	1117
279.5	1049	1203	1119	1119
280.5	1051	1206	1121	1121
281.5	1053	1208	1123	1123
282.5	1055	1210	1126	1125
283.5	1058	1211	1128	1127
284.5	1060	1213	1130	1129
285.5	1063	1217	1133	1132
286.5	1065	1219	1135	1134
287.5	1067	1220	1137	1136
288.5	1069	1221	1139	1138
289.5	1071	1222	1142	1140
290.5	1073	1225	1143	1141
291.5	1075	1226	1146	1144
292.5	1077	1228	1148	1146
293.5	1079	1228	1151	1149
294.5	1080	1229	1153	1151
295.5	1082	1232	1156	1154
296.5	1084	1233	1158	1156
297.5	1086	1234	1161	1159
298.5	1089	1235	1164	1162
299.5	1091	1236	1167	1164
300.5	1092	1239	1169	1167
301.5	1095	1241	1172	1169
302.5	1098	1242	1175	1172
303.5	1100	1244	1178	1174
304.5	1101	1246	1180	1177
305.5	1103	1248	1183	1180
306.5	1106	1251	1185	1182
307.5	1110	1253	1189	1185
308.5	1113	1254	1193	1188
309.5	1114	1257	1197	1191
310.5	1116	1259	1201	1194
311.5	1119	1262	1203	1196
312.5	1122	1264	1206	1199
313.5	1124	1265	1210	1201
314.5	1125	1266	1212	1204
315.5	1127	1268	1215	1206
316.5	1130	1270	1218	1209
317.5	1134	1273	1221	1212
318.5	1137	1275	1224	1215
319.5	1139	1279	1226	1218
320.5	1141	1285	1229	1221
321.5	1143	1289	1231	1224
322.5	1146	1290	1233	1226
323.5	1149	1291	1236	1229
324.5	1151	1296	1238	1232
325.5	1152	1299	1240	1234
326.5	1156	1302	1242	1237
327.5	1159	1303	1245	1240
328.5	1161	1305	1248	1243
329.5	1164	1308	1251	1246
330.5	1166	1312	1253	1249
331.5	1170	1315	1256	1252
332.5	1174	1317	1259	1255
333.5	1177	1319	1262	1257
334.5	1178	1322	1265	1260
335.5	1180	1325	1267	1263
336.5	1184	1327	1270	1265
337.5	1186	1328	1272	1268
338.5	1189	1330	1274	1270
339.5	1191	1332	1276	1273
340.5	1194	1334	1279	1275
341.5	1197	1336	1281	1278
342.5	1201	1337	1283	1281
343.5	1207	1338	1285	1284
344.5	1212	1340	1288	1287
345.5	1218	1343	1290	1290
346.5	1223	1345	1292	1293
347.5	1228	1347	1294	1296
348.5	1234	1349	1297	1299
349.5	1237	1353	1300	1301
350.5	1239	1358	1303	1304
351.5	1242	1363	1305	1307
352.5	1246	1365	1309	1311
353.5	1248	1369	1312	1314
354.5	1252	1374	1315	1317
355.5	1255	1380	1318	1320
356.5	1258	1385	1320	1323
357.5	1262	1387	1324	1326
358.5	1267	1391	1327	1329
359.5	1270	1395	1330	1331
360.5	1273	1400	1333	1334
361.5	1277	1404	1335	1337
362.5	1279	1407	1338	1340
363.5	1282	1410	1341	1343
364.5	1284	1415	1344	1345
365.5	1285	1421	1347	1348
366.5	1288	1424	1349	1351
367.5	1292	1426	1352	1354
368.5	1293	1429	1355	1357
369.5	1295	1431	1358	1359
370.5	1297	1436	1360	1362
371.5	1301	1440	1363	1365
372.5	1303	1441	1367	1368
373.5	1306	1444	1370	1371
374.5	1308	1447	1373	1373
375.5	1309	1451	1376	1376
376.5	1312	1453	1378	1379
377.5	1315	1454	1381	1382
378.5	1319	1456	1383	1384
379.5	1321	1459	1386	1387
380.5	1323	1462	1388	1390
381.5	1328	1465	1391	1393
382.5	1333	1466	1393	1396
383.5	1336	1469	1396	1399
384.5	1338	1471	1399	1402
385.5	1340	1475	1402	1404
386.5	1344	1479	1405	1407
387.5	1350	1481	1407	1410
388.5	1353	1483	1409	1413
389.5	1356	1486	1412	1416
390.5	1358	1489	1414	1418
391.5	1361	1491	1416	1421
392.5	1362	1492	1419	1423
393.5	1364	1494	1422	1426
394.5	1365	1496	1425	1428
395.5	1367	1498	1429	1431
396.5	1369	1501	1432	1433
397.5	1371	1502	1434	1436
398.5	1372	1502	1437	1438
399.5	1374	1504	1440	1440
400.5	1374	1506	1443	1443
401.5	1376	1507	1446	1445
402.5	1379	1509	1449	1448
403.5	1380	1510	1452	1450
404.5	1381	1513	1455	1453
405.5	1383	1515	1457	1455
406.5	1384	1517	1460	1457
407.5	1386	1518	1462	1460
408.5	1387	1518	1465	1462
409.5	1388	1520	1468	1465
410.5	1389	1522	1470	1467
411.5	1391	1524	1473	1470
412.5	1393	1525	1477	1473
413.5	1395	1527	1481	1475
414.5	1396	1529	1485	1478
415.5	1397	1533	1488	1481
416.5	1400	1537	1492	1484
417.5	1404	1542	1495	1488
418.5	1406	1549	1498	1491
419.5	1408	1556	1501	1495
420.5	1410	1567	1504	1498
421.5	1413	1573	1506	1502
422.5	1418	1575	1509	1505
423.5	1419	1579	1512	1508
424.5	1420	1585	1515	1512
425.5	1422	1593	1517	1515
426.5	1426	1597	1520	1518
427.5	1431	1601	1523	1522
428.5	1435	1605	1526	1525
429.5	1439	1611	1529	1528
430.5	1440	1619	1532	1532
431.5	1443	1624	1535	1535
432.5	1451	1630	1538	1538
433.5	1459	1636	1541	1542
434.5	1462	1641	1544	1545
435.5	1464	1648	1547	1549
436.5	1470	1652	1550	1552
437.5	1475	1656	1553	1555
438.5	1482	1660	1556	1559
439.5	1485	1665	1559	1562
440.5	1488	1670	1562	1565
441.5	1495	1675	1565	1569
442.5	1504	1678	1569	1573
443.5	1511	1682	1573	1577
444.5	1514	1685	1577	1581
445.5	1515	1689	1581	1585
446.5	1518	1692	1585	1589
447.5	1521	1694	1589	1593
448.5	1524	1697	1594	1597
449.5	1529	1700	1598	1601
450.5	1531	1704	1601	1605
451.5	1534	1708	1606	1610
452.5	1538	1712	1610	1614
453.5	1541	1715	1615	1618
454.5	1543	1721	1618	1622
455.5	1545	1727	1622	1626
456.5	1548	1733	1626	1630
457.5	1552	1734	1630	1634
458.5	1554	1738	1634	1638
459.5	1556	1742	1638	1642
460.5	1557	1746	1642	1645
461.5	1561	1751	1645	1649
462.5	1566	1754	1650	1653
463.5	1569	1757	1654	1657
464.5	1572	1761	1658	1661
465.5	1574	1767	1662	1664
466.5	1577	1771	1666	1668
467.5	1581	1773	1670	1672
468.5	1584	1775	1674	1676
469.5	1587	1779	1679	1680
470.5	1588	1785	1683	1684
471.5	1592	1789	1687	1688
472.5	1597	1791	1692	1692
473.5	1602	1794	1696	1696
474.5	1604	1798	1701	1700
475.5	1607	1804	1705	1705
476.5	1612	1808	1709	1709
477.5	1620	1811	1713	1713
478.5	1624	1815	1717	1717
479.5	1627	1819	1721	1721
480.5	1629	1825	1726	1726
481.5	1635	1828	1729	1730
482.5	1643	1832	1733	1734
483.5	1650	1835	1737	1738
484.5	1653	1839	1741	1743
485.5	1658	1842	1746	1747
486.5	1665	1845	1750	1751
487.5	1674	1848	1753	1755
488.5	1680	1850	1757	1759
489.5	1686	1854	1761	1763
490.5	1689	1858	1764	1767
491.5	1698	1860	1768	1771
492.5	1707	1862	1772	1775
493.5	1714	1864	1776	1779
494.5	1718	1867	1780	1783
495.5	1720	1872	1784	1787
496.5	1724	1877	1788	1790
497.5	1727	1880	1791	1794
498.5	1730	1884	1795	1798
499.5	1731	1890	1799	1802
500.5	1732	1899	1803	1806
501.5	1735	1905	1806	1809
502.5	1738	1909	1810	1813
503.5	1740	1912	1814	1817
504.5	1742	1916	1818	1820
505.5	1743	1924	1821	1824
506.5	1746	1928	1824	1828
507.5	1748	1932	1828	1831
508.5	1751	1936	1832	1835
509.5	1753	1940	1835	1839
510.5	1755	1945	1838	1842
511.5	1758	1950	1842	1846
512.5	1762	1953	1846	1849
513.5	1764	1954	1850	1853
514.5	1765	1956	1854	1856
515.5	1766	1960	1858	1859
516.5	1770	1965	1862	1863
517.5	1773	1968	1865	1867
518.5	1776	1971	1868	1870
519.5	1780	1975	1872	1874
520.5	1781	1981	1876	1877
521.5	1785	1987	1880	1881
522.5	1789	1989	1883	1884
523.5	1792	1992	1886	1888
524.5	1795	1997	1890	1891
525.5	1798	2000	1894	1895
526.5	1803	2005	1897	1898
527.5	1809	2009	1901	1902
528.5	1812	2013	1905	1906
529.5	1816	2019	1909	1910
530.5	1818	2026	1913	1914
531.5	1822	2029	1917	1917
532.5	1825	2031	1920	1921
533.5	1830	2033	1924	1924
534.5	1832	2038	1928	1927
535.5	1834	2044	1931	1931
536.5	1840	2047	1934	1934
537.5	1848	2051	1938	1938
538.5	1854	2056	1942	1942
539.5	1860	2058	1945	1946
540.5	1863	2061	1948	1949
541.5	1867	2064	1952	1954
