depth	min	max	median	mean
176.8	162	631	267	326
177.8	196	639	286	343
178.8	221	651	304	359
179.8	238	663	323	376
180.8	248	676	342	393
181.8	260	687	363	410
182.8	268	701	383	427
183.8	276	714	404	443
184.8	283	730	424	460
185.8	292	750	440	477
186.8	303	760	456	489
187.8	316	762	471	500
188.8	325	765	485	511
189.8	335	771	497	522
190.8	344	778	510	533
191.8	352	788	524	544
192.8	359	799	536	555
193.8	365	810	550	566
194.8	371	826	562	577
195.8	376	839	574	588
196.8	392	846	581	597
197.8	412	852	588	606
198.8	431	857	594	614
199.8	448	863	600	623
200.8	461	866	606	631
201.8	472	872	612	640
202.8	484	879	619	648
203.8	495	885	625	657
204.8	507	891	633	665
205.8	518	899	642	674
206.8	542	906	655	687
207.8	564	913	669	702
208.8	577	922	688	717
209.8	586	930	709	731
210.8	594	940	729	746
211.8	602	951	749	760
212.8	610	963	768	775
213.8	619	975	786	790
214.8	627	993	804	804
215.8	636	1012	819	819
216.8	655	1022	833	831
217.8	673	1028	845	843
218.8	687	1033	857	854
219.8	700	1038	868	866
220.8	709	1043	880	878
221.8	717	1051	892	889
222.8	726	1060	905	901
223.8	732	1072	916	912
224.8	738	1087	928	924
225.8	745	1103	940	936
226.8	762	1110	952	947
227.8	780	1117	965	959
228.8	800	1121	977	972
229.8	822	1128	990	984
230.8	838	1133	1002	996
231.8	849	1140	1015	1008
232.8	862	1152	1030	1020
233.8	871	1164	1043	1032
234.8	882	1177	1056	1044
235.8	892	1187	1069	1056
236.8	902	1193	1076	1062
237.8	908	1198	1081	1068
238.8	915	1202	1086	1073
239.8	924	1210	1090	1079
240.8	934	1218	1094	1084
241.8	937	1226	1098	1090
242.8	944	1232	1102	1095
243.8	949	1242	1106	1101
244.8	954	1250	1111	1106
245.8	960	1260	1115	1112
246.8	969	1265	1121	1118
247.8	976	1270	1127	1124
248.8	981	1273	1134	1130
249.8	988	1277	1139	1137
250.8	993	1285	1146	1143
251.8	998	1294	1153	1149
252.8	1002	1308	1159	1156
253.8	1007	1318	1165	1162
254.8	1012	1326	1171	1168
255.8	1015	1334	1176	1174
256.8	1026	1341	1181	1180
257.8	1032	1345	1187	1186
258.8	1041	1354	1192	1193
259.8	1051	1361	1197	1199
260.8	1058	1368	1203	1205
261.8	1064	1374	1209	1211
262.8	1071	1381	1215	1217
263.8	1074	1389	1221	1223
264.8	1078	1398	1227	1229
265.8	1082	1407	1233	1235
266.8	1085	1411	1238	1240
267.8	1089	1415	1243	1245
268.8	1092	1419	1248	1250
269.8	1095	1424	1253	1254
270.8	1098	1428	1257	1259
271.8	1101	1435	1262	1264
272.8	1104	1441	1267	1269
273.8	1106	1449	1272	1274
274.8	1109	1454	1277	1279
275.8	1111	1462	1281	1284
276.8	1118	1467	1289	1290
277.8	1125	1470	1296	1296
278.8	1130	1477	1302	1303
279.8	1135	1484	1309	1309
280.8	1141	1488	1315	1316
281.8	1146	1498	1321	1322
282.8	1150	1506	1328	1329
283.8	1155	1514	1333	1335
284.8	1160	1526	1339	1341
285.8	1165	1534	1345	1348
286.8	1170	1540	1351	1354
287.8	1175	1543	1357	1360
288.8	1181	1547	1364	1365
289.8	1188	1550	1370	1371
290.8	1193	1554	1377	1377
291.8	1197	1559	1384	1383
292.8	1204	1564	1392	1389
293.8	1211	1569	1398	1394
294.8	1215	1576	1405	1400
295.8	1221	1584	1410	1406
296.8	1230	1588	1417	1412
297.8	1237	1592	1423	1418
298.8	1245	1596	1429	1424
299.8	1253	1599	1435	1430
300.8	1261	1604	1440	1436
301.8	1267	1608	1446	1442
302.8	1273	1612	1452	1448
303.8	1277	1617	1459	1454
304.8	1282	1622	1464	1460
305.8	1286	1627	1471	1466
306.8	1294	1633	1477	1472
307.8	1302	1637	1484	1478
308.8	1310	1640	1491	1485
309.8	1316	1645	1497	1491
310.8	1323	1651	1504	1497
311.8	1329	1657	1509	1503
312.8	1334	1664	1516	1510
313.8	1338	1671	1522	1516
314.8	1343	1677	1529	1522
315.8	1347	1685	1534	1529
316.8	1358	1689	1541	1534
317.8	1366	1692	1546	1540
318.8	1375	1695	1552	1546
319.8	1384	1698	1559	1552
320.8	1391	1701	1564	1557
321.8	1396	1704	1570	1563
322.8	1402	1708	1577	1569
323.8	1406	1712	1582	1574
324.8	1410	1717	1587	1580
325.8	1414	1722	1593	1586
326.8	1423	1725	1598	1591
327.8	1431	1730	1605	1597
328.8	1441	1733	1611	1603
329.8	1447	1735	1617	1608
330.8	1455	1736	1624	1614
331.8	1460	1740	1630	1620
332.8	1467	1744	1637	1625
333.8	1474	1747	1643	1631
334.8	1477	1752	1650	1637
335.8	1482	1758	1655	1642
336.8	1491	1761	1662	1648
337.8	1505	1764	1669	1654
338.8	1512	1766	1676	1659
339.8	1521	1769	1683	1665
340.8	1528	1772	1690	1670
341.8	1538	1775	1696	1676
342.8	1544	1778	1702	1682
343.8	1551	1783	1708	1687
344.8	1556	1788	1715	1693
345.8	1561	1793	1720	1698
346.8	1568	1796	1723	1702
347.8	1574	1797	1727	1706
348.8	1581	1800	1729	1710
349.8	1588	1802	1733	1713
350.8	1593	1805	1736	1717
351.8	1598	1807	1739	1721
352.8	1603	1810	1742	1724
353.8	1606	1813	1744	1728
354.8	1610	1817	1747	1732
355.8	1614	1822	1750	1736
356.8	1620	1824	1752	1739
357.8	1626	1826	1755	1742
358.8	1631	1828	1757	1745
359.8	1637	1830	1759	1748
360.8	1642	1832	1762	1750
361.8	1646	1834	1764	1753
362.8	1650	1837	1766	1756
363.8	1655	1840	1768	1759
364.8	1657	1844	1771	1762
365.8	1660	1847	1773	1765
366.8	1665	1849	1776	1768
367.8	1671	1851	1779	1771
368.8	1679	1853	1781	1774
369.8	1685	1855	1784	1777
370.8	1690	1858	1786	1780
371.8	1693	1861	1789	1783
372.8	1697	1864	1791	1786
373.8	1700	1867	1793	1789
374.8	1704	1871	1796	1791
375.8	1707	1874	1798	1794
376.8	1710	1876	1800	1797
377.8	1712	1878	1803	1798
378.8	1715	1880	1805	1800
379.8	1717	1881	1807	1802
380.8	1719	1882	1809	1804
381.8	1721	1885	1811	1806
382.8	1722	1887	1814	1808
383.8	1724	1889	1816	1810
384.8	1726	1891	1819	1812
385.8	1727	1892	1821	1814
386.8	1728	1894	1822	1816
387.8	1730	1897	1824	1818
388.8	1733	1899	1826	1820
389.8	1735	1901	1828	1822
390.8	1737	1904	1830	1824
391.8	1739	1906	1832	1826
392.8	1742	1908	1834	1828
393.8	1744	1910	1837	1830
394.8	1745	1913	1839	1832
395.8	1746	1916	1841	1834
396.8	1748	1919	1842	1836
397.8	1750	1920	1844	1838
398.8	1751	1921	1846	1839
399.8	1752	1923	1848	1841
400.8	1753	1925	1850	1843
401.8	1754	1927	1851	1845
402.8	1756	1929	1853	1847
403.8	1757	1933	1855	1848
404.8	1758	1936	1856	1850
405.8	1759	1938	1858	1852
406.8	1762	1940	1860	1854
407.8	1764	1942	1862	1856
408.8	1766	1944	1863	1858
409.8	1768	1946	1865	1860
410.8	1769	1948	1867	1862
411.8	1771	1950	1869	1864
412.8	1772	1953	1871	1866
413.8	1773	1955	1873	1868
414.8	1774	1959	1875	1870
415.8	1776	1962	1877	1872
416.8	1777	1963	1879	1873
417.8	1779	1964	1880	1875
418.8	1781	1966	1882	1877
419.8	1782	1967	1883	1879
420.8	1783	1969	1885	1881
421.8	1785	1971	1887	1883
422.8	1787	1973	1888	1884
423.8	1788	1975	1890	1886
424.8	1789	1977	1891	1888
425.8	1791	1980	1893	1890
426.8	1793	1982	1895	1892
427.8	1795	1984	1897	1894
428.8	1796	1985	1899	1895
429.8	1797	1987	1901	1897
430.8	1799	1989	1903	1899
431.8	1800	1991	1904	1901
432.8	1802	1993	1906	1903
433.8	1804	1995	1908	1905
434.8	1805	1998	1910	1907
435.8	1806	2001	1911	1909
436.8	1808	2002	1913	1911
437.8	1810	2004	1915	1913
438.8	1812	2005	1917	1914
439.8	1814	2007	1919	1916
440.8	1817	2009	1921	1918
441.8	1819	2012	1923	1920
442.8	1821	2014	1925	1922
443.8	1822	2016	1926	1924
444.8	1824	2020	1928	1925
445.8	1825	2022	1930	1927
446.8	1828	2024	1932	1929
447.8	1830	2026	1934	1931
448.8	1831	2028	1936	1934
449.8	1833	2030	1938	1936
450.8	1834	2032	1940	1938
451.8	1835	2034	1942	1940
452.8	1835	2038	1945	1942
453.8	1836	2041	1947	1944
454.8	1837	2045	1949	1946
455.8	1839	2048	1951	1948
456.8	1841	2050	1953	1950
457.8	1843	2051	1954	1952
458.8	1845	2052	1956	1954
459.8	1847	2054	1958	1956
460.8	1850	2056	1959	1958
461.8	1851	2057	1961	1960
462.8	1853	2060	1962	1962
463.8	1855	2061	1964	1964
464.8	1857	2063	1966	1966
465.8	1859	2066	1968	1968
466.8	1860	2067	1970	1969
467.8	1862	2068	1972	1971
468.8	1863	2070	1973	1973
469.8	1864	2071	1975	1975
470.8	1866	2073	1977	1977
471.8	1867	2075	1979	1979
472.8	1869	2076	1980	1981
473.8	1870	2079	1982	1983
474.8	1871	2082	1984	1984
475.8	1872	2084	1986	1986
476.8	1875	2085	1987	1988
477.8	1876	2087	1989	1990
478.8	1877	2088	1992	1992
479.8	1878	2090	1993	1994
480.8	1880	2091	1995	1996
481.8	1880	2094	1997	1998
482.8	1883	2096	2000	2000
483.8	1883	2099	2001	2002
484.8	1885	2101	2003	2004
485.8	1886	2105	2005	2006
486.8	1887	2106	2007	2008
487.8	1890	2108	2010	2010
488.8	1893	2110	2012	2013
489.8	1896	2112	2016	2015
490.8	1898	2115	2018	2017
491.8	1900	2116	2022	2020
492.8	1901	2119	2025	2022
493.8	1902	2121	2028	2025
494.8	1904	2124	2030	2027
495.8	1905	2128	2033	2029
496.8	1908	2130	2035	2032
497.8	1911	2131	2038	2034
498.8	1913	2133	2040	2036
499.8	1915	2134	2042	2038
500.8	1917	2136	2044	2041
501.8	1918	2137	2046	2043
502.8	1921	2140	2049	2045
503.8	1922	2142	2051	2047
504.8	1923	2144	2054	2050
505.8	1924	2147	2057	2052
506.8	1925	2148	2059	2054
507.8	1927	2150	2061	2056
508.8	1931	2151	2063	2058
509.8	1934	2153	2066	2060
510.8	1935	2155	2068	2063
511.8	1937	2157	2070	2065
512.8	1938	2160	2072	2067
513.8	1939	2162	2075	2069
514.8	1941	2164	2077	2071
515.8	1942	2166	2079	2073
516.8	1947	2168	2082	2076
517.8	1950	2170	2084	2078
518.8	1953	2171	2087	2081
519.8	1956	2173	2089	2083
520.8	1957	2175	2092	2085
521.8	1959	2176	2095	2088
522.8	1961	2178	2097	2090
523.8	1962	2180	2100	2093
524.8	1963	2181	2102	2095
525.8	1965	2183	2105	2098
526.8	1968	2185	2107	2100
527.8	1969	2186	2110	2103
528.8	1971	2188	2113	2105
529.8	1973	2190	2116	2108
530.8	1975	2192	2118	2110
531.8	1977	2193	2121	2113
532.8	1979	2196	2123	2115
533.8	1980	2199	2126	2118
534.8	1982	2202	2128	2120
535.8	1983	2205	2131	2123
536.8	1987	2206	2133	2125
537.8	1991	2207	2135	2128
538.8	1994	2209	2138	2130
539.8	1996	2210	2140	2132
540.8	1999	2212	2143	2134
541.8	2001	2214	2145	2137
542.8	2004	2216	2147	2139
543.8	2007	2218	2149	2141
544.8	2010	2220	2151	2144
545.8	2013	2222	2153	2146
546.8	2014	2224	2156	2148
547.8	2015	2226	2158	2151
548.8	2017	2227	2161	2153
549.8	2020	2229	2163	2156
550.8	2021	2231	2166	2158
551.8	2023	2233	2168	2161
552.8	2025	2235	2171	2163
553.8	2025	2237	2174	2165
554.8	2026	2239	2176	2168
555.8	2027	2242	2179	2170
556.8	2029	2243	2181	2173
557.8	2032	2244	2184	2175
558.8	2035	2246	2186	2177
559.8	2037	2247	2189	2179
560.8	2038	2249	2191	2182
561.8	2040	2251	2193	2184
562.8	2042	2252	2195	2186
563.8	2044	2254	2198	2188
564.8	2047	2256	2200	2191
565.8	2049	2259	2202	2193
566.8	2050	2260	2205	2195
567.8	2053	2261	2207	2198
568.8	2056	2262	2210	2200
569.8	2058	2263	2212	2203
570.8	2060	2265	2215	2205
571.8	2062	2266	2217	2208
572.8	2064	2268	2220	2210
573.8	2067	2269	2223	2212
574.8	2069	2271	2225	2215
575.8	2069	2273	2227	2217
576.8	2072	2275	2230	2220
577.8	2074	2275	2232	2222
578.8	2075	2276	2234	2224
579.8	2076	2277	2236	2226
580.8	2077	2278	2239	2229
581.8	2078	2280	2241	2231
582.8	2080	2281	2243	2233
583.8	2081	2282	2246	2235
584.8	2083	2284	2248	2237
585.8	2085	2286	2250	2240
586.8	2087	2287	2253	2242
587.8	2088	2288	2255	2244
588.8	2089	2289	2257	2246
589.8	2090	2290	2259	2249
590.8	2092	2291	2261	2251
591.8	2093	2293	2263	2253
592.8	2095	2294	2266	2256
593.8	2097	2296	2268	2258
594.8	2099	2298	2270	2260
595.8	2100	2302	2273	2262
596.8	2102	2303	2274	2264
597.8	2103	2305	2276	2266
598.8	2106	2307	2277	2268
599.8	2107	2309	2279	2270
600.8	2110	2311	2280	2272
601.8	2113	2314	2282	2274
602.8	2116	2317	2283	2276
603.8	2118	2321	2285	2278
604.8	2121	2323	2287	2280
605.8	2126	2327	2288	2282
606.8	2129	2330	2292	2286
607.8	2132	2334	2296	2290
608.8	2135	2340	2300	2295
609.8	2140	2347	2304	2299
610.8	2145	2354	2307	2303
611.8	2147	2364	2311	2308
612.8	2152	2374	2315	2312
613.8	2155	2385	2318	2316
614.8	2158	2396	2322	2320
615.8	2161	2407	2325	2325
616.8	2167	2412	2329	2329
617.8	2176	2416	2334	2334
618.8	2180	2422	2339	2338
619.8	2187	2427	2343	2343
620.8	2193	2433	2348	2347
621.8	2204	2441	2353	2352
622.8	2213	2448	2357	2357
623.8	2218	2456	2361	2361
624.8	2224	2466	2365	2366
625.8	2232	2477	2369	2370
626.8	2238	2482	2373	2374
627.8	2246	2484	2377	2378
628.8	2255	2488	2382	2382
629.8	2263	2491	2386	2386
630.8	2271	2496	2390	2390
631.8	2279	2500	2394	2394
632.8	2284	2505	2398	2398
633.8	2290	2511	2402	2402
634.8	2295	2517	2405	2406
635.8	2298	2524	2409	2411
636.8	2304	2527	2412	2414
637.8	2307	2529	2416	2418
638.8	2311	2533	2420	2422
639.8	2314	2535	2424	2426
640.8	2317	2540	2428	2429
641.8	2321	2543	2432	2433
642.8	2324	2547	2436	2437
643.8	2327	2551	2441	2441
644.8	2330	2556	2444	2444
645.8	2332	2561	2448	2448
646.8	2338	2564	2452	2452
647.8	2343	2567	2456	2456
648.8	2347	2570	2460	2461
649.8	2351	2572	2464	2465
650.8	2356	2576	2469	2469
651.8	2360	2579	2473	2473
652.8	2364	2583	2477	2477
653.8	2368	2588	2482	2481
654.8	2372	2592	2486	2485
655.8	2376	2598	2491	2489
656.8	2383	2601	2495	2494
657.8	2389	2603	2499	2498
658.8	2394	2606	2504	2502
659.8	2398	2609	2508	2507
660.8	2402	2613	2512	2511
661.8	2405	2616	2517	2515
662.8	2407	2620	2522	2520
663.8	2411	2624	2527	2524
664.8	2414	2628	2531	2528
665.8	2416	2634	2535	2533
666.8	2421	2637	2539	2537
667.8	2427	2639	2543	2540
668.8	2434	2641	2547	2544
669.8	2438	2644	2551	2548
670.8	2441	2648	2555	2552
671.8	2443	2652	2559	2555
672.8	2445	2655	2563	2559
673.8	2447	2659	2567	2563
674.8	2450	2663	2571	2567
675.8	2452	2668	2574	2570
676.8	2458	2671	2579	2574
677.8	2463	2673	2583	2578
678.8	2469	2676	2587	2583
679.8	2471	2679	2591	2587
680.8	2476	2681	2596	2591
681.8	2480	2684	2600	2595
682.8	2484	2689	2604	2599
683.8	2486	2692	2608	2603
684.8	2489	2697	2613	2607
685.8	2492	2702	2617	2611
686.8	2498	2706	2621	2615
687.8	2502	2708	2626	2619
688.8	2506	2709	2630	2624
689.8	2510	2712	2634	2628
690.8	2514	2716	2638	2632
691.8	2518	2718	2642	2637
692.8	2521	2720	2647	2641
693.8	2524	2724	2651	2645
694.8	2527	2728	2656	2650
695.8	2529	2734	2660	2654
696.8	2537	2738	2666	2660
697.8	2545	2745	2673	2667
698.8	2552	2753	2681	2674
699.8	2557	2764	2686	2681
700.8	2563	2777	2692	2688
701.8	2570	2792	2698	2695
702.8	2575	2808	2703	2702
703.8	2581	2822	2708	2709
704.8	2583	2839	2713	2715
705.8	2586	2856	2718	2722
706.8	2592	2862	2724	2729
707.8	2602	2867	2731	2736
708.8	2609	2873	2739	2742
709.8	2615	2882	2746	2749
710.8	2620	2889	2753	2755
711.8	2624	2899	2760	2762
712.8	2631	2907	2767	2768
713.8	2635	2919	2773	2775
714.8	2639	2931	2779	2781
715.8	2643	2946	2786	2788
716.8	2652	2953	2794	2795
717.8	2660	2961	2801	2803
718.8	2667	2969	2809	2810
719.8	2672	2973	2816	2818
720.8	2677	2983	2825	2826
721.8	2682	2991	2832	2833
722.8	2688	2999	2840	2841
723.8	2692	3009	2849	2848
724.8	2696	3022	2856	2856
725.8	2699	3037	2863	2864
726.8	2706	3042	2871	2870
727.8	2714	3046	2878	2877
728.8	2721	3051	2884	2883
729.8	2729	3057	2890	2890
730.8	2736	3063	2896	2896
731.8	2740	3069	2903	2903
732.8	2747	3077	2909	2909
733.8	2752	3084	2915	2916
734.8	2756	3093	2922	2922
735.8	2759	3104	2928	2929
736.8	2769	3107	2934	2935
737.8	2777	3111	2940	2942
738.8	2785	3117	2947	2949
739.8	2793	3123	2954	2955
740.8	2799	3128	2961	2962
741.8	2804	3136	2968	2969
742.8	2810	3142	2975	2975
743.8	2816	3148	2982	2982
744.8	2823	3158	2989	2989
745.8	2827	3166	2996	2995
746.8	2836	3172	3003	3002
747.8	2845	3176	3010	3010
748.8	2850	3181	3017	3017
749.8	2858	3185	3025	3024
750.8	2863	3191	3033	3031
751.8	2868	3195	3042	3038
752.8	2876	3199	3050	3046
753.8	2879	3205	3058	3053
754.8	2883	3211	3066	3060
755.8	2886	3219	3073	3067
756.8	2893	3223	3079	3074
757.8	2901	3228	3085	3080
758.8	2910	3232	3092	3086
759.8	2914	3236	3097	3092
760.8	2923	3241	3103	3099
761.8	2929	3246	3110	3105
762.8	2936	3252	3117	3111
763.8	2943	3258	3124	3117
764.8	2949	3264	3130	3123
765.8	2954	3270	3136	3130
766.8	2963	3274	3143	3136
767.8	2971	3277	3150	3143
768.8	2979	3281	3156	3149
769.8	2988	3286	3163	3156
770.8	2993	3291	3169	3162
771.8	3001	3296	3176	3169
772.8	3005	3303	3183	3175
773.8	3011	3309	3189	3182
774.8	3016	3317	3196	3188
775.8	3019	3325	3203	3195
776.8	3027	3329	3209	3201
777.8	3038	3332	3214	3207
778.8	3048	3335	3220	3213
779.8	3058	3337	3226	3218
780.8	3064	3342	3232	3224
781.8	3071	3347	3238	3230
782.8	3075	3352	3244	3236
783.8	3080	3360	3250	3242
784.8	3085	3367	3256	3248
785.8	3089	3376	3261	3254
786.8	3093	3382	3266	3259
787.8	3096	3385	3270	3264
788.8	3102	3391	3275	3268
789.8	3106	3396	3279	3273
790.8	3112	3401	3284	3277
791.8	3116	3406	3288	3282
792.8	3120	3410	3292	3287
793.8	3124	3418	3297	3291
794.8	3127	3423	3301	3296
795.8	3130	3434	3305	3300
796.8	3135	3439	3310	3305
797.8	3143	3443	3315	3310
798.8	3148	3446	3319	3314
799.8	3154	3451	3323	3319
800.8	3159	3455	3328	3323
801.8	3165	3460	3332	3328
802.8	3169	3465	3336	3332
803.8	3171	3472	3340	3337
804.8	3175	3479	3344	3341
805.8	3177	3484	3348	3346
806.8	3183	3489	3353	3351
807.8	3192	3494	3358	3356
808.8	3198	3501	3363	3361
809.8	3204	3507	3368	3365
810.8	3210	3511	3374	3370
811.8	3215	3516	3379	3375
812.8	3220	3525	3384	3380
813.8	3225	3532	3389	3385
814.8	3229	3539	3393	3390
815.8	3233	3547	3398	3395
816.8	3239	3550	3402	3400
817.8	3244	3553	3406	3404
818.8	3249	3556	3411	3408
819.8	3253	3561	3416	3412
820.8	3258	3566	3420	3416
821.8	3261	3571	3424	3421
822.8	3263	3575	3428	3425
823.8	3267	3579	3432	3429
824.8	3270	3584	3436	3433
825.8	3272	3588	3440	3437
826.8	3280	3591	3444	3442
827.8	3286	3595	3449	3447
828.8	3292	3599	3453	3452
829.8	3297	3602	3458	3456
830.8	3304	3606	3462	3461
831.8	3309	3609	3468	3466
832.8	3315	3615	3472	3471
833.8	3319	3620	3477	3475
834.8	3323	3627	3482	3480
835.8	3326	3635	3486	3485
836.8	3332	3639	3490	3490
837.8	3337	3641	3495	3494
838.8	3345	3645	3499	3499
839.8	3349	3649	3504	3503
840.8	3353	3652	3509	3508
841.8	3358	3656	3513	3512
842.8	3363	3660	3519	3517
843.8	3368	3664	3523	3521
844.8	3371	3669	3528	3526
845.8	3376	3674	3533	3530
846.8	3381	3676	3537	3535
847.8	3387	3680	3542	3540
848.8	3395	3682	3546	3544
849.8	3400	3685	3552	3549
850.8	3405	3688	3556	3553
851.8	3410	3693	3561	3558
852.8	3414	3696	3565	3563
853.8	3419	3702	3570	3567
854.8	3421	3707	3574	3572
855.8	3425	3713	3579	3576
856.8	3430	3718	3583	3581
857.8	3437	3720	3587	3586
858.8	3444	3723	3592	3590
859.8	3450	3726	3596	3595
860.8	3455	3730	3600	3600
861.8	3460	3735	3605	3604
862.8	3466	3738	3609	3609
863.8	3473	3743	3613	3613
864.8	3478	3748	3618	3618
865.8	3483	3754	3622	3623
866.8	3490	3758	3627	3628
867.8	3499	3760	3632	3632
868.8	3506	3762	3636	3637
869.8	3512	3764	3642	3642
870.8	3518	3767	3647	3647
871.8	3522	3770	3651	3652
872.8	3527	3774	3656	3657
873.8	3532	3778	3661	3662
874.8	3537	3782	3665	3666
875.8	3542	3787	3669	3671
876.8	3549	3789	3674	3676
877.8	3557	3791	3678	3680
878.8	3565	3793	3682	3684
879.8	3573	3795	3686	3689
880.8	3581	3797	3691	3693
881.8	3588	3799	3695	3698
882.8	3594	3802	3699	3702
883.8	3598	3804	3704	3706
884.8	3601	3807	3708	3711
885.8	3605	3811	3711	3715
886.8	3613	3813	3716	3720
887.8	3622	3815	3721	3725
888.8	3628	3817	3727	3730
889.8	3636	3819	3733	3735
890.8	3641	3823	3740	3740
891.8	3645	3827	3746	3744
892.8	3649	3834	3750	3749
893.8	3652	3844	3754	3754
894.8	3654	3856	3759	3759
895.8	3655	3870	3764	3764
896.8	3660	3878	3769	3770
897.8	3663	3886	3775	3775
898.8	3667	3894	3780	3781
899.8	3670	3903	3786	3787
900.8	3673	3913	3792	3792
901.8	3676	3922	3798	3798
902.8	3678	3933	3805	3804
903.8	3680	3946	3811	3809
904.8	3683	3959	3816	3815
905.8	3685	3970	3822	3820
906.8	3691	3976	3827	3826
907.8	3696	3980	3832	3831
908.8	3702	3984	3837	3837
909.8	3707	3991	3842	3842
910.8	3713	3998	3848	3847
911.8	3716	4003	3853	3853
912.8	3720	4011	3858	3858
913.8	3723	4021	3863	3864
914.8	3727	4028	3867	3869
915.8	3729	4038	3872	3874
916.8	3734	4043	3877	3880
917.8	3739	4045	3883	3885
918.8	3744	4050	3889	3890
919.8	3749	4057	3894	3895
920.8	3753	4063	3899	3901
921.8	3757	4071	3904	3906
922.8	3761	4077	3910	3911
923.8	3764	4086	3915	3917
924.8	3768	4093	3919	3922
925.8	3769	4103	3925	3927
926.8	3775	4108	3931	3933
927.8	3782	4111	3937	3938
928.8	3787	4116	3943	3944
929.8	3793	4120	3950	3949
930.8	3798	4124	3955	3955
931.8	3803	4129	3961	3960
932.8	3807	4136	3967	3966
933.8	3810	4141	3972	3972
934.8	3814	4150	3979	3977
935.8	3817	4160	3985	3983
936.8	3824	4165	3990	3988
937.8	3831	4169	3995	3994
938.8	3836	4173	4001	3999
939.8	3840	4179	4007	4005
940.8	3844	4184	4012	4010
941.8	3847	4189	4017	4016
942.8	3850	4195	4023	4021
943.8	3853	4203	4028	4027
944.8	3857	4209	4033	4032
945.8	3860	4218	4038	4038
946.8	3866	4221	4043	4043
947.8	3873	4224	4048	4048
948.8	3878	4231	4054	4054
949.8	3883	4235	4059	4059
950.8	3887	4239	4065	4065
951.8	3890	4244	4071	4070
952.8	3895	4249	4077	4075
953.8	3901	4256	4083	4081
954.8	3905	4261	4088	4086
955.8	3910	4267	4094	4092
956.8	3916	4270	4099	4097
957.8	3923	4276	4104	4103
958.8	3929	4280	4109	4108
959.8	3936	4285	4114	4114
960.8	3942	4288	4119	4119
961.8	3947	4294	4125	4125
962.8	3951	4300	4131	4130
963.8	3954	4306	4137	4136
964.8	3959	4310	4142	4141
965.8	3964	4316	4148	4147
966.8	3971	4320	4154	4152
967.8	3979	4324	4161	4158
968.8	3987	4327	4167	4164
969.8	3997	4331	4173	4169
970.8	4003	4335	4179	4175
971.8	4010	4340	4184	4181
972.8	4017	4345	4189	4186
973.8	4022	4349	4195	4192
974.8	4027	4356	4200	4198
975.8	4030	4365	4205	4203
976.8	4040	4369	4212	4210
977.8	4050	4374	4218	4216
978.8	4057	4378	4224	4222
979.8	4065	4384	4232	4229
980.8	4072	4390	4238	4235
981.8	4077	4397	4244	4242
982.8	4081	4402	4251	4248
983.8	4087	4408	4258	4255
984.8	4092	4417	4264	4261
985.8	4096	4426	4271	4267
986.8	4110	4431	4277	4275
987.8	4125	4435	4284	4282
988.8	4138	4440	4291	4289
989.8	4150	4447	4297	4296
990.8	4163	4453	4304	4304
991.8	4173	4458	4311	4311
992.8	4183	4463	4319	4318
993.8	4192	4469	4327	4325
994.8	4199	4477	4334	4333
995.8	4205	4486	4342	4340
996.8	4215	4494	4351	4348
997.8	4225	4501	4360	4356
998.8	4235	4508	4368	4364
999.8	4241	4516	4376	4372
1000.8	4248	4523	4383	4381
1001.8	4255	4533	4392	4389
1002.8	4260	4545	4399	4397
1003.8	4263	4559	4406	4405
1004.8	4269	4574	4413	4413
1005.8	4275	4590	4420	4422
1006.8	4283	4599	4427	4430
1007.8	4291	4611	4434	4438
1008.8	4298	4618	4442	4446
1009.8	4303	4631	4450	4454
1010.8	4307	4642	4457	4462
1011.8	4314	4655	4465	4470
1012.8	4318	4668	4472	4478
1013.8	4321	4684	4479	4486
1014.8	4325	4700	4487	4494
1015.8	4330	4719	4494	4503
1016.8	4337	4727	4502	4511
1017.8	4345	4731	4512	4519
1018.8	4352	4736	4521	4528
1019.8	4359	4745	4529	4536
1020.8	4365	4753	4538	4544
1021.8	4371	4763	4545	4553
1022.8	4376	4775	4555	4561
1023.8	4381	4787	4563	4569
1024.8	4384	4799	4571	4578
1025.8	4388	4813	4580	4586
1026.8	4398	4820	4588	4594
1027.8	4409	4827	4596	4602
1028.8	4416	4835	4604	4610
1029.8	4423	4845	4612	4618
1030.8	4428	4853	4620	4625
1031.8	4434	4862	4629	4633
1032.8	4439	4873	4637	4641
1033.8	4445	4882	4645	4649
1034.8	4451	4893	4653	4657
1035.8	4456	4905	4661	4664
1036.8	4463	4910	4667	4672
1037.8	4471	4916	4675	4679
1038.8	4479	4920	4682	4687
1039.8	4484	4925	4690	4694
1040.8	4488	4931	4698	4702
1041.8	4495	4939	4705	4709
1042.8	4499	4946	4714	4717
1043.8	4503	4956	4721	4724
1044.8	4508	4963	4729	4732
1045.8	4512	4973	4736	4739
1046.8	4525	4978	4745	4748
1047.8	4539	4983	4756	4758
1048.8	4552	4989	4766	4768
1049.8	4562	4996	4777	4777
1050.8	4573	5003	4787	4787
1051.8	4581	5011	4797	4797
1052.8	4587	5020	4807	4806
1053.8	4594	5028	4817	4816
1054.8	4601	5041	4829	4826
1055.8	4608	5051	4838	4835
1056.8	4620	5057	4847	4844
1057.8	4628	5061	4855	4853
1058.8	4636	5067	4863	4862
1059.8	4645	5076	4871	4871
1060.8	4654	5085	4880	4880
1061.8	4659	5094	4889	4888
1062.8	4667	5101	4898	4897
1063.8	4671	5112	4908	4906
1064.8	4676	5120	4918	4915
1065.8	4681	5133	4927	4923
1066.8	4699	5138	4936	4932
1067.8	4713	5142	4945	4942
1068.8	4728	5150	4954	4951
1069.8	4742	5155	4964	4960
1070.8	4750	5159	4974	4969
1071.8	4759	5168	4983	4978
1072.8	4771	5175	4992	4987
1073.8	4779	5185	5001	4996
1074.8	4785	5195	5010	5005
1075.8	4793	5209	5019	5014
1076.8	4805	5215	5026	5022
1077.8	4820	5217	5033	5029
1078.8	4830	5219	5041	5037
1079.8	4840	5225	5048	5044
1080.8	4851	5229	5055	5052
1081.8	4862	5234	5062	5059
1082.8	4869	5238	5069	5067
1083.8	4875	5243	5078	5074
1084.8	4879	5251	5086	5082
1085.8	4885	5257	5092	5089
1086.8	4896	5261	5100	5096
1087.8	4912	5264	5107	5104
1088.8	4926	5268	5115	5111
1089.8	4940	5272	5122	5119
1090.8	4947	5276	5130	5126
1091.8	4958	5280	5138	5134
1092.8	4968	5283	5145	5141
1093.8	4977	5287	5153	5149
1094.8	4984	5292	5162	5156
1095.8	4989	5297	5169	5164
1096.8	5007	5300	5179	5173
1097.8	5024	5304	5192	5184
1098.8	5039	5307	5206	5194
1099.8	5051	5311	5219	5205
1100.8	5062	5317	5231	5215
1101.8	5070	5330	5242	5226
1102.8	5077	5353	5252	5236
1103.8	5084	5380	5261	5247
1104.8	5090	5407	5271	5258
1105.8	5095	5433	5280	5268
1106.8	5109	5443	5291	5280
1107.8	5122	5455	5301	5292
1108.8	5131	5472	5311	5304
1109.8	5137	5485	5322	5316
1110.8	5145	5502	5333	5328
1111.8	5152	5522	5342	5340
1112.8	5158	5541	5352	5352
1113.8	5163	5568	5362	5364
1114.8	5169	5596	5373	5376
1115.8	5177	5625	5382	5388
1116.8	5188	5643	5394	5400
1117.8	5202	5650	5407	5412
1118.8	5214	5662	5418	5423
1119.8	5224	5672	5430	5435
1120.8	5232	5685	5442	5447
1121.8	5240	5704	5453	5459
1122.8	5247	5724	5464	5470
1123.8	5254	5740	5475	5482
1124.8	5260	5760	5486	5494
1125.8	5266	5786	5497	5506
1126.8	5279	5799	5510	5517
1127.8	5290	5812	5521	5529
1128.8	5305	5822	5535	5541
1129.8	5315	5833	5547	5553
1130.8	5323	5850	5560	5564
1131.8	5331	5861	5573	5576
1132.8	5343	5875	5585	5588
1133.8	5348	5889	5596	5600
1134.8	5353	5898	5608	5611
1135.8	5359	5914	5619	5623
1136.8	5373	5921	5632	5636
1137.8	5390	5928	5645	5649
1138.8	5408	5934	5658	5663
1139.8	5423	5943	5671	5676
1140.8	5435	5952	5685	5690
1141.8	5446	5968	5699	5703
1142.8	5456	5983	5713	5716
1143.8	5464	5995	5727	5730
1144.8	5473	6007	5740	5743
1145.8	5481	6027	5754	5756
1146.8	5496	6035	5766	5768
1147.8	5515	6042	5778	5779
1148.8	5532	6047	5790	5790
1149.8	5547	6054	5802	5802
1150.8	5563	6061	5813	5813
1151.8	5573	6070	5826	5824
1152.8	5583	6075	5838	5835
1153.8	5593	6084	5850	5847
1154.8	5601	6095	5861	5858
1155.8	5608	6107	5870	5869
1156.8	5622	6112	5882	5880
1157.8	5641	6118	5893	5890
1158.8	5654	6125	5904	5901
1159.8	5666	6129	5916	5911
1160.8	5680	6134	5926	5922
1161.8	5690	6140	5938	5932
1162.8	5700	6146	5948	5943
1163.8	5703	6156	5960	5953
1164.8	5709	6164	5971	5964
1165.8	5714	6177	5982	5974
1166.8	5733	6183	5994	5986
1167.8	5758	6187	6006	5998
1168.8	5780	6192	6018	6009
1169.8	5798	6196	6032	6021
1170.8	5814	6201	6045	6033
1171.8	5832	6207	6060	6045
1172.8	5848	6213	6074	6056
1173.8	5859	6221	6088	6068
1174.8	5870	6229	6102	6080
1175.8	5881	6240	6113	6092
1176.8	5900	6246	6124	6102
1177.8	5921	6250	6137	6112
1178.8	5938	6254	6152	6123
1179.8	5957	6260	6166	6133
1180.8	5977	6265	6180	6143
1181.8	5996	6271	6193	6153
1182.8	6009	6280	6204	6163
1183.8	6016	6293	6211	6173
1184.8	6021	6310	6217	6183
1185.8	6026	6328	6223	6194
1186.8	6031	6337	6229	6201
1187.8	6036	6342	6234	6207
1188.8	6041	6350	6239	6213
1189.8	6045	6360	6243	6220
1190.8	6047	6372	6248	6226
1191.8	6051	6381	6252	6233
1192.8	6054	6394	6257	6239
1193.8	6057	6410	6262	6245
1194.8	6060	6424	6267	6252
1195.8	6063	6437	6271	6258
1196.8	6069	6444	6277	6264
1197.8	6073	6448	6283	6271
1198.8	6079	6455	6289	6277
1199.8	6084	6463	6295	6283
1200.8	6089	6473	6300	6290
1201.8	6093	6482	6306	6296
1202.8	6098	6492	6311	6302
1203.8	6101	6503	6317	6309
1204.8	6105	6514	6322	6315
1205.8	6108	6526	6327	6321
1206.8	6116	6535	6333	6328
1207.8	6122	6541	6338	6334
1208.8	6128	6548	6345	6340
1209.8	6135	6558	6350	6346
1210.8	6140	6564	6357	6352
1211.8	6144	6570	6362	6359
1212.8	6148	6580	6368	6365
1213.8	6152	6589	6374	6371
1214.8	6156	6599	6380	6377
1215.8	6160	6608	6385	6384
1216.8	6165	6618	6391	6390
1217.8	6171	6630	6397	6396
1218.8	6176	6638	6404	6403
1219.8	6179	6644	6411	6409
1220.8	6184	6654	6417	6416
1221.8	6188	6666	6422	6422
1222.8	6192	6677	6428	6429
1223.8	6196	6687	6435	6435
1224.8	6199	6702	6440	6442
1225.8	6203	6712	6445	6448
1226.8	6210	6719	6451	6454
1227.8	6220	6723	6458	6460
1228.8	6224	6727	6464	6466
1229.8	6232	6731	6469	6473
1230.8	6237	6738	6475	6479
1231.8	6243	6747	6481	6485
1232.8	6248	6757	6487	6491
1233.8	6254	6766	6492	6497
1234.8	6259	6777	6498	6503
1235.8	6264	6786	6503	6509
1236.8	6271	6793	6509	6515
1237.8	6278	6797	6515	6521
1238.8	6286	6803	6520	6527
1239.8	6294	6808	6525	6532
1240.8	6298	6813	6530	6538
1241.8	6305	6822	6535	6544
1242.8	6310	6829	6541	6549
1243.8	6315	6839	6546	6555
1244.8	6319	6848	6553	6561
1245.8	6323	6858	6558	6566
1246.8	6330	6865	6564	6573
1247.8	6338	6869	6571	6579
1248.8	6347	6874	6576	6586
1249.8	6353	6882	6583	6592
1250.8	6360	6889	6589	6598
1251.8	6367	6893	6595	6605
1252.8	6372	6902	6601	6611
1253.8	6376	6910	6607	6618
1254.8	6383	6918	6614	6624
1255.8	6388	6924	6620	6631
1256.8	6398	6930	6626	6637
1257.8	6408	6935	6631	6644
1258.8	6417	6940	6638	6651
1259.8	6426	6946	6644	6657
1260.8	6434	6951	6650	6664
1261.8	6441	6956	6656	6671
1262.8	6447	6968	6663	6677
1263.8	6452	6979	6669	6684
1264.8	6457	6987	6675	6691
1265.8	6464	6995	6681	6698
1266.8	6470	7002	6687	6704
1267.8	6477	7010	6692	6710
1268.8	6482	7017	6697	6715
1269.8	6489	7021	6703	6721
1270.8	6495	7026	6709	6727
1271.8	6500	7034	6714	6733
1272.8	6506	7039	6720	6739
1273.8	6511	7044	6725	6745
1274.8	6517	7051	6732	6751
1275.8	6523	7060	6737	6757
1276.8	6528	7066	6742	6763
1277.8	6540	7073	6748	6770
1278.8	6549	7077	6753	6777
1279.8	6560	7088	6758	6783
1280.8	6569	7096	6764	6790
1281.8	6576	7102	6770	6796
1282.8	6584	7111	6776	6803
1283.8	6593	7115	6781	6810
1284.8	6597	7121	6788	6816
1285.8	6603	7126	6794	6823
1286.8	6612	7135	6799	6829
1287.8	6621	7141	6804	6835
1288.8	6627	7150	6809	6842
1289.8	6636	7158	6814	6848
1290.8	6643	7164	6819	6854
1291.8	6650	7168	6824	6860
1292.8	6656	7177	6830	6867
1293.8	6662	7184	6835	6873
1294.8	6667	7194	6841	6879
1295.8	6671	7203	6847	6885
1296.8	6685	7210	6855	6894
1297.8	6699	7218	6862	6903
1298.8	6713	7226	6871	6913
1299.8	6726	7234	6879	6922
1300.8	6734	7244	6888	6932
1301.8	6742	7256	6898	6941
1302.8	6748	7265	6910	6950
1303.8	6753	7276	6921	6960
1304.8	6759	7291	6932	6969
1305.8	6764	7308	6942	6978
1306.8	6777	7321	6955	6991
1307.8	6787	7332	6970	7005
1308.8	6794	7351	6985	7019
1309.8	6803	7366	7002	7033
1310.8	6811	7379	7017	7047
1311.8	6818	7399	7031	7061
1312.8	6824	7421	7046	7075
1313.8	6830	7446	7062	7089
1314.8	6835	7466	7075	7104
1315.8	6838	7496	7091	7118
1316.8	6856	7514	7105	7133
1317.8	6872	7526	7120	7148
1318.8	6889	7539	7135	7163
1319.8	6902	7557	7152	7178
1320.8	6912	7569	7169	7194
1321.8	6920	7584	7186	7209
1322.8	6930	7604	7203	7224
1323.8	6936	7626	7221	7239
1324.8	6944	7647	7236	7255
1325.8	6952	7672	7253	7270
1326.8	6965	7683	7268	7284
1327.8	6979	7689	7282	7297
1328.8	6989	7701	7296	7310
1329.8	7000	7708	7312	7324
1330.8	7013	7716	7328	7337
1331.8	7020	7726	7341	7350
1332.8	7027	7747	7354	7364
1333.8	7035	7763	7366	7377
1334.8	7042	7782	7376	7390
1335.8	7046	7807	7388	7404
1336.8	7067	7822	7407	7420
1337.8	7088	7831	7427	7437
1338.8	7106	7843	7447	7455
1339.8	7118	7854	7468	7472
1340.8	7129	7871	7487	7490
1341.8	7142	7884	7505	7507
1342.8	7152	7901	7523	7524
1343.8	7162	7918	7542	7542
1344.8	7169	7940	7562	7559
1345.8	7178	7960	7580	7576
1346.8	7202	7973	7596	7594
1347.8	7223	7981	7612	7611
1348.8	7246	7993	7628	7629
1349.8	7261	8006	7648	7646
1350.8	7275	8021	7667	7664
1351.8	7289	8033	7687	7681
1352.8	7298	8047	7706	7699
1353.8	7311	8063	7723	7717
1354.8	7322	8098	7739	7734
1355.8	7336	8129	7756	7752
1356.8	7363	8143	7770	7766
1357.8	7388	8149	7782	7781
1358.8	7409	8154	7795	7795
1359.8	7431	8163	7808	7809
1360.8	7450	8168	7824	7823
1361.8	7468	8179	7840	7837
1362.8	7483	8189	7855	7852
1363.8	7495	8198	7872	7866
1364.8	7503	8208	7889	7880
1365.8	7511	8221	7905	7894
1366.8	7534	8226	7920	7908
1367.8	7559	8231	7934	7922
1368.8	7582	8238	7947	7936
1369.8	7599	8243	7961	7950
1370.8	7617	8249	7975	7963
1371.8	7636	8256	7989	7977
1372.8	7651	8265	8002	7991
1373.8	7664	8272	8017	8005
1374.8	7677	8285	8032	8019
1375.8	7689	8299	8045	8032
1376.8	7722	8305	8059	8048
1377.8	7762	8309	8074	8064
1378.8	7794	8314	8089	8080
1379.8	7826	8318	8105	8096
1380.8	7855	8326	8120	8112
1381.8	7877	8331	8135	8128
1382.8	7895	8339	8152	8144
1383.8	7908	8348	8170	8160
1384.8	7918	8358	8188	8176
1385.8	7932	8369	8206	8192
1386.8	7959	8376	8222	8208
1387.8	7995	8381	8236	8223
1388.8	8027	8388	8251	8238
1389.8	8058	8394	8266	8253
1390.8	8083	8404	8280	8268
1391.8	8110	8417	8295	8284
1392.8	8130	8428	8310	8299
1393.8	8148	8440	8325	8314
1394.8	8166	8455	8342	8329
1395.8	8180	8471	8357	8344
1396.8	8196	8485	8370	8357
1397.8	8212	8496	8383	8370
1398.8	8223	8506	8394	8382
1399.8	8231	8517	8405	8394
1400.8	8238	8534	8414	8407
1401.8	8243	8558	8424	8419
1402.8	8248	8588	8433	8431
1403.8	8253	8620	8442	8444
1404.8	8259	8655	8452	8456
1405.8	8263	8690	8460	8468
1406.8	8277	8705	8471	8479
1407.8	8290	8711	8481	8490
1408.8	8304	8722	8493	8500
1409.8	8311	8738	8503	8511
1410.8	8323	8754	8514	8521
1411.8	8332	8773	8525	8532
1412.8	8339	8791	8534	8542
1413.8	8344	8810	8543	8553
1414.8	8353	8830	8552	8564
1415.8	8360	8849	8563	8574
1416.8	8376	8864	8574	8586
1417.8	8391	8878	8586	8598
1418.8	8403	8887	8599	8611
1419.8	8415	8898	8612	8623
1420.8	8427	8912	8626	8635
1421.8	8433	8926	8638	8647
1422.8	8442	8935	8651	8660
1423.8	8448	8947	8662	8672
1424.8	8453	8970	8675	8684
1425.8	8457	8990	8686	8696
1426.8	8473	9002	8699	8708
1427.8	8483	9006	8710	8719
1428.8	8495	9014	8722	8729
1429.8	8502	9020	8733	8740
1430.8	8511	9033	8744	8751
1431.8	8519	9041	8756	8762
1432.8	8525	9052	8768	8773
1433.8	8529	9064	8779	8784
1434.8	8534	9077	8791	8795
1435.8	8540	9100	8802	8806
1436.8	8552	9108	8813	8817
1437.8	8564	9111	8824	8827
1438.8	8576	9119	8835	8837
1439.8	8585	9125	8845	8847
1440.8	8594	9132	8856	8858
1441.8	8601	9144	8867	8868
1442.8	8607	9155	8878	8878
1443.8	8615	9167	8889	8888
1444.8	8621	9181	8901	8899
1445.8	8627	9194	8909	8909
1446.8	8639	9201	8919	8919
1447.8	8652	9212	8929	8930
1448.8	8665	9219	8940	8941
1449.8	8675	9226	8951	8951
1450.8	8685	9235	8962	8962
1451.8	8696	9243	8973	8973
1452.8	8704	9253	8984	8983
1453.8	8710	9264	8995	8994
1454.8	8720	9277	9006	9005
1455.8	8726	9289	9016	9016
1456.8	8742	9297	9027	9026
1457.8	8759	9303	9037	9037
1458.8	8769	9309	9048	9047
1459.8	8782	9315	9058	9057
1460.8	8792	9321	9070	9068
1461.8	8802	9327	9082	9078
1462.8	8811	9335	9094	9089
1463.8	8818	9345	9106	9099
1464.8	8824	9355	9117	9110
1465.8	8832	9366	9130	9120
1466.8	8847	9372	9141	9131
1467.8	8862	9379	9152	9143
1468.8	8878	9385	9163	9154
1469.8	8891	9390	9173	9165
1470.8	8907	9397	9185	9177
1471.8	8920	9403	9197	9188
1472.8	8933	9409	9208	9199
1473.8	8943	9420	9219	9211
1474.8	8956	9428	9230	9222
1475.8	8962	9437	9241	9233
1476.8	8983	9443	9254	9245
1477.8	9007	9447	9265	9257
1478.8	9024	9451	9276	9268
1479.8	9042	9455	9289	9280
1480.8	9056	9459	9300	9292
1481.8	9075	9464	9313	9303
1482.8	9093	9470	9326	9315
1483.8	9101	9476	9340	9327
1484.8	9113	9482	9353	9338
1485.8	9124	9494	9366	9350
1486.8	9143	9498	9377	9361
1487.8	9163	9500	9386	9371
1488.8	9183	9502	9397	9382
1489.8	9201	9504	9407	9392
1490.8	9221	9508	9416	9403
1491.8	9240	9511	9427	9413
1492.8	9254	9514	9437	9424
1493.8	9269	9519	9449	9434
1494.8	9283	9523	9461	9445
1495.8	9294	9530	9473	9455
1496.8	9301	9539	9482	9464
1497.8	9308	9553	9489	9473
1498.8	9315	9571	9496	9482
1499.8	9322	9590	9503	9490
1500.8	9329	9610	9510	9499
1501.8	9334	9632	9517	9508
1502.8	9339	9652	9524	9516
1503.8	9344	9676	9529	9525
1504.8	9348	9700	9535	9533
1505.8	9352	9723	9540	9542
1506.8	9360	9734	9549	9551
1507.8	9368	9743	9558	9559
1508.8	9377	9754	9566	9568
1509.8	9383	9760	9575	9576
1510.8	9389	9771	9584	9585
1511.8	9394	9784	9591	9593
1512.8	9398	9796	9599	9602
1513.8	9403	9813	9607	9611
1514.8	9408	9829	9614	9619
1515.8	9414	9846	9621	9628
1516.8	9423	9855	9630	9637
1517.8	9432	9861	9640	9646
1518.8	9439	9866	9649	9655
1519.8	9448	9876	9659	9664
1520.8	9456	9885	9668	9673
1521.8	9460	9896	9678	9682
1522.8	9467	9906	9687	9691
1523.8	9472	9919	9696	9700
1524.8	9478	9935	9704	9709
1525.8	9484	9951	9712	9718
1526.8	9495	9959	9722	9727
1527.8	9507	9965	9731	9735
1528.8	9518	9971	9741	9744
1529.8	9531	9979	9750	9753
1530.8	9540	9990	9760	9762
1531.8	9549	10003	9768	9771
1532.8	9558	10011	9777	9780
1533.8	9563	10023	9786	9789
1534.8	9569	10037	9795	9798
1535.8	9575	10052	9803	9807
1536.8	9584	10060	9811	9815
1537.8	9593	10065	9819	9823
1538.8	9600	10071	9828	9831
1539.8	9610	10077	9837	9839
1540.8	9619	10083	9845	9848
1541.8	9627	10089	9855	9856
1542.8	9635	10099	9863	9864
1543.8	9641	10106	9870	9872
1544.8	9648	10119	9878	9880
1545.8	9654	10128	9886	9888
1546.8	9664	10134	9895	9897
1547.8	9673	10140	9905	9906
1548.8	9685	10150	9914	9915
1549.8	9692	10159	9923	9924
1550.8	9702	10167	9934	9933
1551.8	9709	10175	9944	9942
1552.8	9719	10183	9953	9951
1553.8	9726	10198	9963	9960
1554.8	9733	10210	9972	9969
1555.8	9737	10226	9981	9978
1556.8	9751	10232	9989	9987
1557.8	9762	10237	9997	9995
1558.8	9771	10243	10006	10004
1559.8	9783	10249	10015	10012
1560.8	9793	10255	10023	10020
1561.8	9801	10262	10032	10029
1562.8	9806	10270	10041	10037
1563.8	9811	10277	10049	10045
1564.8	9819	10287	10057	10054
1565.8	9824	10293	10065	10062
1566.8	9840	10300	10073	10071
1567.8	9854	10306	10081	10080
1568.8	9870	10313	10089	10089
1569.8	9880	10321	10097	10098
1570.8	9890	10327	10106	10107
1571.8	9900	10335	10116	10116
1572.8	9906	10345	10125	10125
1573.8	9915	10355	10133	10134
1574.8	9923	10363	10143	10143
1575.8	9929	10374	10152	10152
1576.8	9941	10380	10159	10160
1577.8	9956	10385	10166	10168
1578.8	9965	10390	10174	10176
1579.8	9978	10394	10180	10184
1580.8	9989	10400	10188	10192
1581.8	10002	10406	10196	10200
1582.8	10012	10413	10204	10208
1583.8	10021	10420	10212	10216
1584.8	10029	10430	10219	10224
1585.8	10035	10439	10227	10232
1586.8	10053	10445	10235	10240
1587.8	10072	10451	10241	10249
1588.8	10091	10455	10247	10257
1589.8	10109	10458	10255	10265
1590.8	10125	10461	10261	10273
1591.8	10140	10464	10269	10282
1592.8	10157	10469	10278	10290
1593.8	10169	10474	10287	10298
1594.8	10179	10479	10297	10307
1595.8	10188	10486	10306	10315
1596.8	10203	10492	10317	10325
1597.8	10216	10500	10327	10335
1598.8	10227	10510	10336	10345
1599.8	10234	10523	10345	10355
1600.8	10241	10540	10356	10365
1601.8	10246	10559	10367	10375
1602.8	10249	10573	10377	10385
1603.8	10253	10592	10387	10395
1604.8	10256	10609	10395	10405
1605.8	10259	10630	10404	10415
1606.8	10268	10640	10415	10426
1607.8	10275	10650	10426	10436
1608.8	10280	10663	10437	10447
1609.8	10285	10676	10448	10458
1610.8	10291	10691	10459	10468
1611.8	10298	10709	10470	10479
1612.8	10302	10724	10482	10490
1613.8	10306	10744	10492	10501
1614.8	10311	10762	10503	10511
1615.8	10314	10784	10513	10522
1616.8	10325	10795	10523	10533
1617.8	10335	10805	10534	10543
1618.8	10349	10813	10546	10554
1619.8	10357	10826	10556	10564
1620.8	10364	10838	10568	10575
1621.8	10371	10850	10579	10586
1622.8	10376	10862	10589	10596
1623.8	10383	10877	10599	10607
1624.8	10386	10891	10611	10618
1625.8	10393	10907	10622	10628
1626.8	10403	10914	10631	10638
1627.8	10413	10922	10641	10648
1628.8	10422	10934	10652	10658
1629.8	10430	10939	10661	10667
1630.8	10437	10946	10672	10677
1631.8	10442	10953	10683	10687
1632.8	10449	10966	10693	10696
1633.8	10453	10977	10703	10706
1634.8	10457	10990	10713	10716
1635.8	10461	11004	10724	10726
1636.8	10474	11012	10733	10735
1637.8	10484	11018	10743	10745
1638.8	10493	11024	10754	10755
1639.8	10500	11030	10763	10764
1640.8	10509	11039	10774	10774
1641.8	10514	11049	10783	10784
1642.8	10519	11061	10794	10793
1643.8	10526	11072	10804	10803
1644.8	10531	11080	10815	10813
1645.8	10537	11091	10825	10822
1646.8	10551	11098	10837	10833
1647.8	10565	11105	10849	10844
1648.8	10575	11114	10860	10855
1649.8	10585	11123	10871	10865
1650.8	10592	11129	10883	10876
1651.8	10605	11137	10894	10887
1652.8	10612	11145	10904	10898
1653.8	10617	11155	10918	10909
1654.8	10623	11167	10930	10919
1655.8	10631	11180	10941	10930
1656.8	10641	11188	10951	10941
1657.8	10654	11196	10961	10951
1658.8	10668	11204	10971	10962
1659.8	10674	11213	10982	10972
1660.8	10682	11220	10993	10982
1661.8	10692	11229	11004	10993
1662.8	10700	11236	11015	11003
1663.8	10709	11245	11025	11014
1664.8	10714	11256	11035	11024
1665.8	10720	11269	11046	11034
1666.8	10732	11275	11056	11045
1667.8	10746	11282	11067	11056
1668.8	10759	11287	11077	11066
1669.8	10778	11292	11088	11077
1670.8	10785	11298	11098	11087
1671.8	10794	11305	11110	11098
1672.8	10807	11313	11121	11109
1673.8	10813	11322	11131	11119
1674.8	10818	11332	11142	11130
1675.8	10828	11343	11153	11141
1676.8	10840	11350	11163	11151
1677.8	10860	11354	11172	11162
1678.8	10881	11359	11182	11173
1679.8	10889	11363	11192	11184
1680.8	10905	11369	11204	11195
1681.8	10920	11377	11214	11205
1682.8	10924	11385	11225	11216
1683.8	10931	11393	11236	11227
1684.8	10939	11400	11247	11238
1685.8	10945	11412	11258	11248
1686.8	10960	11418	11266	11257
1687.8	10981	11421	11272	11265
1688.8	10992	11426	11279	11274
1689.8	10997	11431	11287	11282
1690.8	11001	11437	11294	11290
1691.8	11005	11443	11301	11298
1692.8	11009	11448	11310	11306
1693.8	11014	11457	11318	11315
1694.8	11018	11466	11327	11323
1695.8	11023	11474	11335	11331
1696.8	11026	11479	11340	11336
1697.8	11030	11481	11345	11341
1698.8	11043	11486	11349	11346
1699.8	11057	11489	11354	11350
1700.8	11061	11496	11359	11355
1701.8	11069	11501	11363	11359
1702.8	11085	11506	11368	11364
1703.8	11095	11514	11373	11369
1704.8	11102	11521	11377	11373
1705.8	11115	11530	11381	11378
1706.8	11122	11534	11386	11382
1707.8	11128	11538	11390	11387
1708.8	11130	11541	11394	11392
1709.8	11138	11546	11399	11396
1710.8	11143	11552	11404	11401
1711.8	11147	11557	11409	11405
1712.8	11152	11563	11413	11410
1713.8	11154	11570	11418	11414
1714.8	11159	11577	11424	11419
1715.8	11168	11583	11428	11423
1716.8	11174	11587	11433	11428
1717.8	11181	11591	11437	11433
1718.8	11186	11596	11441	11437
1719.8	11195	11599	11446	11442
1720.8	11201	11604	11451	11447
1721.8	11208	11608	11456	11452
1722.8	11215	11614	11460	11456
1723.8	11225	11620	11465	11461
1724.8	11232	11625	11470	11466
1725.8	11241	11632	11474	11470
1726.8	11248	11636	11479	11475
1727.8	11257	11638	11485	11480
1728.8	11261	11641	11489	11484
1729.8	11266	11644	11494	11489
1730.8	11279	11650	11498	11494
1731.8	11286	11656	11504	11499
1732.8	11292	11660	11509	11503
1733.8	11297	11666	11513	11508
1734.8	11301	11673	11518	11513
1735.8	11305	11678	11522	11517
1736.8	11309	11683	11526	11522
1737.8	11316	11687	11530	11526
1738.8	11322	11692	11535	11531
1739.8	11328	11695	11540	11535
1740.8	11333	11699	11545	11540
1741.8	11339	11703	11549	11544
1742.8	11345	11709	11554	11549
1743.8	11349	11713	11559	11553
1744.8	11354	11719	11563	11558
1745.8	11356	11725	11568	11562
1746.8	11367	11729	11572	11567
1747.8	11377	11732	11577	11572
1748.8	11383	11734	11581	11576
1749.8	11388	11737	11586	11581
1750.8	11390	11743	11590	11586
1751.8	11398	11748	11595	11590
1752.8	11406	11753	11600	11595
1753.8	11410	11759	11606	11600
1754.8	11415	11764	11610	11605
1755.8	11420	11769	11615	11609
1756.8	11426	11773	11619	11614
1757.8	11430	11775	11623	11618
1758.8	11434	11779	11628	11623
1759.8	11438	11782	11632	11627
1760.8	11446	11786	11637	11632
1761.8	11449	11791	11641	11636
1762.8	11454	11796	11646	11641
1763.8	11457	11801	11649	11645
1764.8	11462	11807	11654	11650
1765.8	11467	11811	11659	11654
1766.8	11473	11816	11663	11659
1767.8	11482	11820	11667	11664
1768.8	11488	11823	11672	11668
1769.8	11495	11827	11677	11673
1770.8	11500	11832	11682	11678
1771.8	11506	11835	11687	11682
1772.8	11511	11841	11691	11687
1773.8	11518	11845	11697	11692
1774.8	11522	11849	11701	11697
1775.8	11525	11856	11705	11701
1776.8	11531	11857	11710	11706
1777.8	11535	11865	11714	11710
1778.8	11541	11868	11719	11715
1779.8	11550	11872	11723	11719
1780.8	11554	11875	11728	11724
1781.8	11558	11878	11732	11728
1782.8	11563	11881	11736	11733
1783.8	11566	11883	11741	11737
1784.8	11569	11888	11746	11742
1785.8	11574	11895	11750	11746
1786.8	11583	11899	11754	11751
1787.8	11591	11902	11758	11756
1788.8	11597	11904	11762	11761
1789.8	11605	11907	11767	11765
1790.8	11611	11909	11770	11770
1791.8	11616	11912	11775	11775
1792.8	11622	11914	11779	11780
1793.8	11627	11918	11784	11784
1794.8	11632	11922	11788	11789
1795.8	11638	11928	11793	11794
1796.8	11641	11933	11798	11799
1797.8	11646	11937	11803	11804
1798.8	11650	11943	11808	11808
1799.8	11655	11948	11813	11813
1800.8	11660	11954	11818	11818
1801.8	11663	11961	11823	11823
1802.8	11666	11967	11827	11828
1803.8	11670	11974	11831	11832
1804.8	11672	11983	11835	11837
1805.8	11674	11991	11840	11842
1806.8	11677	11998	11845	11847
1807.8	11681	12003	11850	11852
1808.8	11687	12008	11855	11857
1809.8	11690	12014	11860	11862
1810.8	11696	12022	11866	11868
1811.8	11698	12029	11872	11873
1812.8	11703	12037	11877	11878
1813.8	11707	12048	11882	11883
1814.8	11710	12058	11887	11888
1815.8	11714	12069	11891	11893
1816.8	11719	12074	11897	11898
1817.8	11725	12078	11901	11903
1818.8	11729	12083	11906	11908
1819.8	11734	12088	11912	11913
1820.8	11740	12094	11917	11918
1821.8	11744	12100	11922	11923
1822.8	11747	12105	11928	11928
1823.8	11749	12114	11933	11933
1824.8	11754	12122	11938	11938
1825.8	11756	12131	11943	11943
1826.8	11762	12135	11948	11948
1827.8	11771	12140	11953	11953
1828.8	11777	12143	11958	11958
1829.8	11781	12149	11963	11963
1830.8	11787	12155	11967	11968
1831.8	11794	12159	11972	11973
1832.8	11797	12167	11976	11978
1833.8	11800	12172	11981	11983
1834.8	11802	12180	11987	11988
1835.8	11804	12187	11993	11993
1836.8	11810	12192	11998	11998
1837.8	11817	12197	12002	12003
1838.8	11820	12201	12007	12008
1839.8	11826	12206	12012	12013
1840.8	11829	12211	12017	12018
1841.8	11832	12215	12023	12023
1842.8	11837	12222	12028	12028
1843.8	11839	12228	12033	12034
1844.8	11842	12234	12038	12039
1845.8	11846	12243	12043	12044
1846.8	11850	12248	12049	12049
1847.8	11856	12252	12053	12054
1848.8	11860	12256	12059	12059
1849.8	11865	12260	12064	12064
1850.8	11869	12265	12069	12069
1851.8	11872	12270	12075	12074
1852.8	11876	12273	12080	12079
1853.8	11879	12278	12086	12085
1854.8	11883	12285	12091	12090
1855.8	11885	12291	12096	12095
1856.8	11891	12295	12101	12100
1857.8	11899	12300	12106	12105
1858.8	11905	12303	12111	12110
1859.8	11909	12308	12117	12115
1860.8	11916	12313	12122	12120
1861.8	11922	12319	12127	12125
1862.8	11925	12325	12131	12130
1863.8	11927	12333	12137	12135
1864.8	11932	12340	12141	12140
1865.8	11937	12347	12146	12145
1866.8	11941	12352	12151	12150
1867.8	11945	12354	12156	12155
1868.8	11950	12359	12162	12160
1869.8	11954	12363	12167	12165
1870.8	11958	12368	12173	12170
1871.8	11964	12374	12179	12175
1872.8	11967	12380	12184	12180
1873.8	11971	12386	12189	12185
1874.8	11975	12393	12194	12190
1875.8	11977	12401	12199	12196
1876.8	11981	12405	12204	12201
1877.8	11987	12410	12208	12206
1878.8	11992	12414	12213	12211
1879.8	11999	12418	12218	12216
1880.8	12004	12423	12222	12221
1881.8	12007	12427	12228	12226
1882.8	12012	12433	12233	12231
1883.8	12016	12439	12238	12236
1884.8	12019	12445	12242	12241
1885.8	12022	12451	12247	12246
1886.8	12028	12455	12253	12251
1887.8	12032	12459	12258	12257
1888.8	12036	12464	12263	12262
1889.8	12042	12468	12269	12267
1890.8	12047	12472	12274	12272
1891.8	12050	12476	12279	12277
1892.8	12057	12479	12286	12283
1893.8	12060	12485	12291	12288
1894.8	12063	12490	12295	12293
1895.8	12067	12495	12300	12298
1896.8	12071	12499	12306	12303
1897.8	12078	12503	12312	12309
1898.8	12085	12506	12317	12314
1899.8	12092	12509	12323	12319
1900.8	12098	12513	12328	12324
1901.8	12102	12518	12333	12329
1902.8	12104	12523	12338	12334
1903.8	12107	12528	12342	12339
1904.8	12110	12535	12348	12344
1905.8	12115	12541	12354	12349
1906.8	12120	12545	12360	12355
1907.8	12126	12548	12364	12360
1908.8	12132	12552	12370	12365
1909.8	12139	12555	12376	12371
1910.8	12146	12559	12382	12376
1911.8	12149	12562	12387	12381
1912.8	12153	12566	12391	12386
1913.8	12156	12572	12397	12392
1914.8	12159	12577	12402	12397
1915.8	12162	12585	12407	12402
1916.8	12171	12587	12412	12407
1917.8	12174	12590	12416	12412
1918.8	12178	12592	12421	12417
1919.8	12182	12596	12426	12422
1920.8	12190	12599	12432	12427
1921.8	12195	12603	12437	12431
1922.8	12200	12607	12442	12436
1923.8	12208	12611	12447	12441
1924.8	12215	12618	12452	12446
1925.8	12218	12623	12458	12451
1926.8	12224	12627	12463	12456
1927.8	12229	12629	12469	12461
1928.8	12233	12633	12474	12466
1929.8	12238	12635	12480	12472
1930.8	12242	12638	12486	12477
1931.8	12249	12642	12491	12482
1932.8	12255	12646	12498	12487
1933.8	12261	12651	12503	12492
1934.8	12264	12656	12508	12498
1935.8	12270	12663	12512	12503
1936.8	12275	12665	12518	12508
1937.8	12279	12668	12525	12513
1938.8	12284	12670	12532	12518
1939.8	12288	12673	12539	12523
1940.8	12292	12675	12546	12529
1941.8	12294	12678	12552	12534
1942.8	12298	12681	12558	12539
1943.8	12302	12685	12564	12544
1944.8	12304	12690	12570	12549
1945.8	12309	12696	12575	12554
1946.8	12316	12700	12581	12559
1947.8	12321	12702	12589	12565
1948.8	12324	12705	12596	12570
1949.8	12328	12708	12603	12575
1950.8	12332	12712	12610	12580
1951.8	12335	12715	12617	12585
1952.8	12340	12719	12622	12590
1953.8	12346	12724	12626	12595
1954.8	12349	12729	12630	12601
1955.8	12352	12736	12633	12606
