depth	min	max	median	mean
383	2799	4342	3047	3200
384	2849	4356	3103	3251
385	2876	4380	3170	3302
386	2896	4403	3236	3352
387	2912	4423	3297	3403
388	2928	4452	3353	3454
389	2978	4469	3419	3511
390	3018	4492	3487	3568
391	3050	4521	3558	3624
392	3077	4544	3627	3681
393	3096	4575	3693	3738
394	3163	4603	3758	3795
395	3218	4619	3823	3851
396	3256	4651	3894	3908
397	3295	4671	3962	3965
398	3323	4706	4028	4022
399	3412	4728	4087	4078
400	3490	4749	4146	4134
401	3563	4771	4208	4191
402	3615	4800	4274	4247
403	3652	4839	4336	4304
404	3735	4857	4385	4358
405	3825	4873	4434	4412
406	3887	4896	4487	4466
407	3940	4926	4543	4520
408	3989	4966	4601	4574
409	4036	4989	4633	4607
410	4086	5008	4665	4641
411	4122	5045	4697	4674
412	4156	5088	4729	4708
413	4191	5146	4758	4741
414	4222	5171	4784	4768
415	4254	5197	4810	4796
416	4281	5234	4839	4823
417	4303	5275	4865	4850
418	4326	5317	4891	4877
419	4350	5349	4915	4904
420	4370	5381	4943	4931
421	4399	5411	4969	4958
422	4420	5455	4996	4985
423	4440	5512	5023	5012
424	4474	5530	5050	5039
425	4506	5556	5079	5066
426	4531	5582	5104	5093
427	4548	5613	5130	5120
428	4571	5658	5154	5147
429	4606	5678	5183	5174
430	4636	5707	5212	5201
431	4663	5740	5238	5229
432	4694	5774	5265	5256
433	4718	5817	5290	5284
434	4753	5834	5315	5311
435	4786	5858	5344	5338
436	4810	5880	5369	5365
437	4830	5912	5397	5392
438	4856	5955	5423	5419
439	4895	5975	5450	5446
440	4925	6001	5474	5473
441	4949	6034	5504	5500
442	4964	6066	5531	5527
443	4982	6098	5556	5554
444	5012	6131	5582	5581
445	5048	6150	5609	5608
446	5065	6169	5639	5635
447	5092	6200	5667	5662
448	5114	6233	5693	5690
449	5159	6254	5722	5717
450	5184	6276	5750	5744
451	5207	6298	5778	5772
452	5224	6327	5805	5799
453	5249	6356	5833	5827
454	5284	6384	5860	5854
455	5316	6406	5885	5881
456	5355	6433	5912	5909
457	5375	6467	5938	5936
458	5391	6503	5965	5963
459	5428	6522	5991	5991
460	5453	6546	6019	6018
461	5479	6562	6048	6045
462	5507	6589	6076	6072
463	5532	6624	6106	6099
464	5565	6638	6133	6126
465	5596	6662	6157	6152
466	5621	6686	6182	6179
467	5652	6717	6207	6206
468	5677	6745	6235	6232
469	5706	6767	6262	6260
470	5735	6794	6290	6287
471	5757	6820	6319	6315
472	5782	6854	6349	6342
473	5804	6885	6376	6370
474	5839	6901	6403	6396
475	5876	6916	6431	6423
476	5913	6939	6457	6449
477	5932	6960	6486	6475
478	5953	6987	6513	6502
479	5991	7005	6542	6530
480	6022	7025	6572	6558
481	6052	7045	6601	6586
482	6083	7068	6631	6614
483	6102	7095	6657	6643
484	6134	7113	6683	6669
485	6160	7135	6708	6695
486	6186	7151	6736	6721
487	6219	7174	6765	6747
488	6246	7204	6788	6773
489	6281	7216	6815	6800
490	6325	7236	6840	6827
491	6358	7251	6868	6854
492	6383	7275	6895	6881
493	6412	7306	6922	6908
494	6454	7318	6948	6935
495	6499	7337	6974	6961
496	6534	7358	7003	6987
497	6557	7376	7034	7014
498	6581	7401	7057	7040
499	6623	7414	7082	7066
500	6663	7428	7108	7092
501	6699	7444	7134	7118
502	6729	7461	7160	7143
503	6752	7484	7184	7169
504	6802	7499	7208	7196
505	6860	7515	7236	7223
506	6904	7529	7261	7250
507	6930	7553	7289	7277
508	6965	7579	7317	7304
509	7017	7592	7342	7332
510	7068	7610	7368	7359
511	7117	7627	7392	7386
512	7154	7650	7419	7413
513	7185	7674	7445	7440
514	7231	7693	7473	7470
515	7273	7722	7500	7499
516	7297	7760	7530	7528
517	7319	7807	7558	7558
518	7335	7873	7583	7587
519	7366	7898	7614	7618
520	7392	7939	7645	7648
521	7409	7989	7676	7679
522	7421	8054	7703	7710
523	7433	8129	7729	7741
524	7459	8163	7760	7771
525	7478	8210	7794	7802
526	7498	8264	7823	7833
527	7514	8319	7851	7863
528	7529	8381	7876	7894
529	7551	8411	7906	7924
530	7572	8442	7936	7954
531	7590	8479	7967	7984
532	7605	8526	7995	8014
533	7616	8571	8023	8044
534	7646	8610	8054	8075
535	7671	8646	8083	8107
536	7695	8689	8117	8138
537	7715	8739	8150	8170
538	7731	8787	8182	8201
539	7758	8816	8214	8233
540	7780	8850	8243	8264
541	7805	8886	8275	8295
542	7819	8937	8305	8326
543	7837	8985	8333	8357
544	7865	9019	8367	8389
545	7895	9057	8400	8420
546	7918	9095	8429	8452
547	7941	9132	8463	8483
548	7958	9175	8493	8515
549	7990	9206	8524	8546
550	8020	9236	8555	8577
551	8047	9265	8586	8608
552	8066	9302	8617	8639
553	8091	9366	8650	8670
554	8117	9395	8681	8702
555	8144	9430	8715	8733
556	8172	9452	8746	8764
557	8193	9492	8779	8795
558	8211	9542	8812	8827
559	8240	9589	8842	8858
560	8270	9625	8873	8890
561	8295	9661	8902	8921
562	8315	9701	8934	8952
563	8334	9736	8965	8984
564	8367	9770	8998	9015
565	8386	9804	9029	9045
566	8416	9833	9060	9076
567	8431	9872	9095	9107
568	8450	9914	9126	9137
569	8484	9935	9154	9168
570	8514	9974	9186	9199
571	8542	10006	9216	9229
572	8562	10049	9248	9260
573	8578	10082	9279	9291
574	8608	10108	9311	9322
575	8642	10134	9342	9353
576	8670	10171	9374	9384
577	8695	10209	9405	9415
578	8709	10252	9435	9446
579	8734	10278	9468	9477
580	8761	10303	9501	9508
581	8789	10335	9535	9539
582	8811	10368	9563	9570
583	8834	10417	9592	9601
584	8869	10453	9623	9632
585	8891	10482	9657	9664
586	8911	10509	9694	9695
587	8931	10536	9727	9726
588	8953	10574	9758	9758
589	8980	10615	9789	9789
590	9004	10652	9817	9820
591	9035	10698	9847	9852
592	9067	10734	9883	9883
593	9095	10780	9913	9915
594	9133	10803	9942	9946
595	9154	10832	9972	9977
596	9180	10856	10004	10008
597	9200	10890	10038	10039
598	9214	10930	10071	10070
599	9262	10963	10105	10101
600	9292	10988	10138	10131
601	9316	11020	10169	10162
602	9340	11047	10199	10193
603	9367	11084	10230	10223
604	9401	11112	10262	10255
605	9429	11142	10292	10287
606	9458	11175	10325	10319
607	9485	11204	10354	10351
608	9501	11247	10388	10383
609	9534	11272	10423	10414
610	9558	11301	10452	10445
611	9588	11333	10482	10476
612	9614	11373	10517	10507
613	9627	11409	10549	10539
614	9674	11437	10578	10569
615	9704	11462	10607	10599
616	9732	11490	10640	10629
617	9756	11515	10670	10659
618	9780	11547	10701	10689
619	9807	11569	10731	10719
620	9826	11597	10761	10749
621	9849	11629	10792	10778
622	9874	11655	10822	10808
623	9886	11681	10853	10838
624	9919	11699	10888	10868
625	9956	11726	10917	10897
626	9989	11768	10947	10927
627	10011	11791	10972	10957
628	10030	11820	11000	10986
629	10064	11850	11033	11018
630	10091	11885	11062	11050
631	10121	11915	11096	11081
632	10146	11943	11127	11113
633	10186	11978	11160	11145
634	10222	12006	11190	11177
635	10260	12033	11226	11210
636	10287	12053	11259	11242
637	10309	12092	11295	11275
638	10329	12144	11327	11308
639	10359	12167	11356	11339
640	10397	12189	11388	11370
641	10433	12222	11424	11402
642	10465	12253	11454	11433
643	10495	12295	11487	11465
644	10524	12315	11518	11496
645	10553	12335	11550	11527
646	10575	12352	11583	11558
647	10588	12378	11615	11589
648	10604	12421	11646	11620
649	10643	12441	11676	11651
650	10668	12462	11708	11681
651	10706	12490	11740	11712
652	10722	12519	11772	11743
653	10747	12557	11801	11774
654	10784	12580	11833	11805
655	10818	12603	11865	11837
656	10851	12633	11897	11868
657	10876	12668	11932	11899
658	10882	12704	11963	11930
659	10927	12731	11996	11962
660	10970	12757	12028	11994
661	11001	12787	12061	12026
662	11016	12818	12091	12058
663	11036	12856	12128	12089
664	11065	12876	12156	12120
665	11102	12894	12191	12151
666	11147	12921	12219	12182
667	11175	12958	12248	12213
668	11214	12990	12277	12244
669	11238	13005	12308	12274
670	11271	13030	12338	12304
671	11298	13065	12370	12334
672	11339	13090	12402	12364
673	11375	13115	12434	12394
674	11418	13139	12468	12426
675	11450	13161	12499	12459
676	11482	13188	12528	12491
677	11513	13224	12561	12523
678	11538	13249	12591	12555
679	11579	13266	12627	12585
680	11610	13292	12656	12615
681	11628	13321	12683	12645
682	11665	13354	12715	12676
683	11692	13387	12747	12706
684	11719	13404	12775	12737
685	11749	13423	12810	12768
686	11772	13447	12841	12799
687	11794	13474	12871	12830
688	11810	13509	12901	12861
689	11841	13526	12937	12891
690	11865	13547	12969	12922
691	11903	13572	13001	12953
692	11946	13612	13034	12983
693	11990	13643	13066	13014
694	12012	13668	13097	13045
695	12042	13689	13127	13075
696	12062	13706	13160	13106
697	12085	13734	13192	13136
698	12116	13765	13221	13167
699	12159	13788	13252	13199
700	12210	13811	13284	13230
701	12241	13836	13315	13261
702	12260	13861	13350	13293
703	12288	13887	13385	13324
704	12342	13899	13414	13355
705	12361	13918	13443	13386
706	12397	13937	13474	13416
707	12432	13961	13506	13447
708	12456	13991	13539	13478
709	12492	14004	13566	13508
710	12509	14020	13597	13539
711	12563	14044	13633	13569
712	12610	14064	13666	13600
713	12633	14091	13699	13630
714	12646	14114	13732	13661
715	12670	14134	13765	13691
716	12706	14162	13795	13721
717	12742	14189	13824	13751
