depth	min	max	median	mean
80.5	1994	2337	2186	2185
81.5	2017	2385	2220	2217
82.5	2034	2454	2253	2249
83.5	2048	2531	2283	2282
84.5	2060	2616	2309	2314
85.5	2079	2672	2338	2346
86.5	2104	2707	2368	2377
87.5	2128	2750	2398	2408
88.5	2145	2807	2428	2439
89.5	2157	2863	2457	2471
90.5	2181	2914	2487	2503
91.5	2207	2942	2523	2536
92.5	2233	2974	2556	2568
93.5	2250	3022	2589	2601
94.5	2265	3071	2624	2634
95.5	2287	3113	2658	2667
96.5	2321	3140	2694	2700
97.5	2347	3167	2726	2732
98.5	2370	3203	2758	2765
99.5	2389	3245	2790	2797
100.5	2422	3282	2822	2830
101.5	2451	3311	2857	2862
102.5	2476	3333	2892	2895
103.5	2498	3368	2926	2927
104.5	2525	3409	2961	2960
105.5	2554	3442	2993	2992
106.5	2595	3463	3027	3026
107.5	2626	3493	3062	3059
108.5	2653	3524	3098	3092
109.5	2677	3567	3129	3126
110.5	2716	3603	3163	3159
111.5	2745	3619	3197	3193
112.5	2780	3647	3233	3227
113.5	2805	3677	3272	3261
114.5	2826	3715	3307	3294
115.5	2863	3740	3338	3327
116.5	2909	3759	3370	3358
117.5	2947	3779	3402	3390
118.5	2974	3803	3433	3421
119.5	3004	3837	3465	3453
120.5	3045	3864	3496	3486
121.5	3099	3877	3530	3520
122.5	3146	3902	3564	3554
123.5	3177	3926	3602	3588
124.5	3210	3963	3638	3623
125.5	3256	3987	3670	3657
126.5	3318	4005	3704	3691
127.5	3370	4021	3736	3726
128.5	3418	4044	3772	3760
129.5	3448	4075	3808	3795
130.5	3506	4105	3841	3829
131.5	3583	4114	3868	3862
132.5	3650	4129	3894	3895
133.5	3702	4147	3925	3929
134.5	3745	4190	3958	3962
135.5	3787	4226	3992	3999
136.5	3832	4266	4035	4039
137.5	3860	4330	4074	4079
138.5	3885	4412	4109	4119
139.5	3900	4503	4142	4159
140.5	3924	4569	4179	4199
141.5	3955	4611	4224	4240
142.5	3978	4661	4267	4281
143.5	3998	4720	4309	4323
144.5	4016	4788	4349	4364
145.5	4047	4843	4390	4405
146.5	4088	4880	4436	4446
147.5	4113	4914	4479	4487
148.5	4137	4969	4520	4529
149.5	4160	5028	4562	4570
150.5	4191	5071	4602	4611
151.5	4235	5103	4647	4651
152.5	4269	5130	4692	4691
153.5	4294	5173	4733	4731
154.5	4317	5218	4776	4771
155.5	4362	5254	4814	4811
156.5	4407	5273	4854	4851
157.5	4452	5300	4892	4890
158.5	4479	5337	4938	4930
159.5	4506	5391	4979	4970
160.5	4556	5431	5019	5010
161.5	4613	5445	5061	5050
162.5	4652	5472	5103	5091
163.5	4685	5500	5146	5131
164.5	4716	5530	5188	5172
165.5	4770	5556	5226	5212
166.5	4850	5573	5263	5253
167.5	4921	5590	5305	5293
168.5	4967	5615	5348	5334
169.5	5008	5651	5393	5374
170.5	5079	5685	5431	5416
171.5	5180	5706	5464	5458
172.5	5263	5733	5498	5500
173.5	5326	5783	5541	5542
174.5	5362	5826	5583	5584
175.5	5402	5873	5623	5628
176.5	5440	5936	5668	5673
177.5	5467	6023	5710	5719
178.5	5494	6129	5749	5764
179.5	5512	6251	5789	5810
180.5	5540	6340	5833	5855
181.5	5569	6391	5878	5901
182.5	5598	6462	5923	5947
183.5	5614	6534	5967	5992
184.5	5632	6626	6007	6038
185.5	5661	6684	6052	6083
186.5	5698	6729	6096	6127
187.5	5726	6778	6142	6172
188.5	5749	6840	6189	6217
189.5	5763	6897	6236	6261
190.5	5798	6960	6281	6306
191.5	5839	7011	6322	6351
192.5	5867	7061	6368	6397
193.5	5887	7120	6415	6442
194.5	5906	7190	6458	6488
195.5	5942	7254	6502	6533
196.5	5987	7296	6552	6578
197.5	6019	7348	6603	6624
198.5	6046	7402	6650	6669
199.5	6072	7473	6689	6714
200.5	6103	7536	6726	6760
201.5	6147	7580	6775	6805
202.5	6180	7629	6824	6850
203.5	6216	7684	6870	6895
204.5	6246	7754	6918	6940
205.5	6280	7819	6962	6987
206.5	6321	7869	7012	7033
207.5	6361	7908	7061	7080
208.5	6402	7978	7107	7127
209.5	6431	8048	7157	7174
210.5	6478	8101	7205	7221
211.5	6515	8139	7255	7267
212.5	6557	8176	7302	7314
213.5	6592	8226	7350	7360
214.5	6616	8275	7394	7407
215.5	6656	8311	7441	7453
216.5	6709	8361	7486	7499
217.5	6753	8403	7539	7544
218.5	6794	8455	7587	7590
219.5	6824	8525	7633	7635
220.5	6862	8581	7679	7680
221.5	6899	8621	7721	7724
222.5	6926	8656	7766	7768
223.5	6956	8695	7811	7812
224.5	6986	8746	7851	7855
225.5	7030	8786	7897	7900
226.5	7079	8830	7943	7944
227.5	7124	8867	7985	7989
228.5	7184	8919	8031	8033
229.5	7210	8984	8079	8078
230.5	7255	9038	8121	8122
231.5	7315	9073	8169	8167
232.5	7356	9114	8217	8212
233.5	7390	9162	8260	8256
234.5	7422	9201	8309	8301
235.5	7458	9235	8349	8346
236.5	7515	9265	8395	8390
237.5	7562	9310	8440	8434
238.5	7602	9359	8488	8479
239.5	7633	9405	8534	8523
240.5	7670	9448	8580	8568
241.5	7717	9470	8627	8614
242.5	7766	9511	8669	8660
243.5	7816	9550	8717	8705
244.5	7853	9599	8760	8751
245.5	7898	9634	8801	8797
246.5	7960	9664	8849	8842
247.5	8022	9701	8894	8887
248.5	8069	9741	8940	8932
249.5	8116	9797	8987	8977
250.5	8150	9840	9031	9023
251.5	8213	9868	9075	9067
252.5	8269	9911	9122	9112
253.5	8309	9953	9166	9157
254.5	8349	9993	9211	9202
255.5	8398	10034	9255	9247
256.5	8460	10069	9302	9292
257.5	8499	10099	9345	9337
258.5	8540	10140	9389	9382
259.5	8582	10195	9440	9427
260.5	8616	10237	9483	9471
261.5	8669	10268	9526	9516
262.5	8719	10298	9575	9561
263.5	8766	10334	9623	9605
264.5	8792	10367	9671	9650
265.5	8852	10402	9719	9696
266.5	8909	10433	9769	9743
267.5	8984	10463	9817	9790
268.5	9028	10501	9866	9838
269.5	9063	10545	9916	9885
270.5	9131	10583	9960	9931
271.5	9207	10611	10005	9976
272.5	9261	10642	10049	10021
273.5	9309	10687	10091	10066
274.5	9358	10727	10138	10111
275.5	9423	10763	10184	10157
276.5	9495	10780	10230	10204
277.5	9555	10804	10283	10251
278.5	9621	10835	10329	10298
279.5	9661	10877	10374	10345
280.5	9731	10913	10417	10390
281.5	9804	10930	10459	10435
282.5	9873	10950	10501	10479
283.5	9929	10976	10547	10524
284.5	9975	11010	10594	10569
285.5	10054	11040	10635	10614
286.5	10152	11058	10675	10659
287.5	10230	11076	10716	10705
288.5	10295	11094	10757	10750
289.5	10363	11128	10806	10796
290.5	10441	11155	10847	10841
291.5	10541	11168	10889	10887
292.5	10621	11190	10937	10932
293.5	10680	11226	10978	10977
