depth	min	max	median	mean
75	1856	2660	2214	2215
76	2136	2910	2524	2522
77	2292	3260	2848	2828
78	2385	3663	3167	3135
79	2471	4114	3485	3441
80	2558	4591	3801	3748
80.00002	2558	4591	3801	3748
81	2752	4625	3888	3838
82	2900	4664	3985	3928
83	3039	4709	4079	4018
84	3130	4777	4171	4108
85	3226	4872	4257	4198
86	3448	4902	4339	4296
87	3662	4935	4424	4393
88	3869	4984	4510	4491
89	4012	5045	4602	4589
90	4131	5125	4695	4686
91	4186	5157	4739	4731
92	4229	5201	4780	4775
93	4279	5259	4822	4819
94	4317	5325	4866	4863
95	4347	5408	4907	4908
96	4410	5444	4951	4951
97	4463	5484	4997	4994
98	4496	5525	5042	5038
99	4536	5584	5089	5081
100	4564	5658	5132	5124
101	4632	5681	5174	5167
102	4682	5715	5218	5210
103	4727	5757	5263	5253
104	4766	5794	5307	5296
105	4798	5853	5348	5339
106	4876	5876	5392	5383
107	4929	5899	5434	5428
108	4974	5929	5478	5472
109	5009	5967	5526	5517
110	5045	6018	5573	5561
111	5131	6041	5612	5604
112	5202	6061	5653	5646
113	5241	6095	5695	5689
114	5282	6125	5737	5732
115	5326	6173	5782	5774
116	5426	6201	5816	5817
117	5520	6224	5857	5860
118	5589	6253	5895	5902
119	5647	6294	5932	5945
120	5689	6344	5973	5988
121	5713	6364	6001	6015
122	5732	6392	6027	6042
123	5749	6436	6056	6069
124	5758	6487	6083	6096
125	5767	6545	6110	6123
125.00002	5835	6932	6247	6289
126	5889	6987	6309	6346
127	5931	7040	6370	6402
128	5974	7116	6433	6459
129	5994	7197	6489	6516
130	6014	7298	6541	6573
131	6072	7360	6592	6625
132	6116	7413	6647	6678
133	6152	7474	6702	6730
134	6181	7552	6755	6783
135	6207	7640	6808	6835
136	6262	7689	6859	6886
137	6299	7730	6913	6937
138	6331	7785	6965	6988
139	6363	7834	7020	7038
140	6388	7902	7068	7089
141	6445	7943	7125	7142
142	6498	7996	7178	7195
143	6542	8062	7233	7248
144	6570	8121	7288	7300
145	6602	8201	7342	7353
146	6668	8235	7394	7405
147	6728	8276	7445	7456
148	6772	8317	7500	7508
149	6805	8378	7552	7559
150	6840	8433	7603	7611
151	6899	8475	7657	7663
152	6945	8525	7710	7715
153	6976	8569	7761	7767
154	7007	8639	7814	7819
155	7051	8694	7867	7871
156	7120	8733	7920	7923
157	7178	8761	7974	7974
158	7232	8799	8030	8026
159	7290	8844	8082	8077
160	7331	8894	8134	8129
161	7386	8925	8186	8180
162	7439	8959	8241	8232
163	7487	8998	8295	8283
164	7531	9053	8349	8334
165	7562	9114	8400	8386
166	7644	9146	8457	8438
167	7717	9174	8510	8491
168	7779	9198	8568	8543
169	7822	9231	8623	8596
170	7860	9290	8679	8649
171	7929	9319	8727	8701
172	7989	9344	8783	8753
173	8049	9379	8835	8805
174	8095	9422	8892	8858
175	8142	9476	8948	8910
176	8186	9499	8982	8940
177	8210	9523	9011	8970
178	8245	9550	9044	9000
179	8274	9577	9074	9030
180	8308	9596	9106	9060
180.00002	8925	9632	9211	9226
181	9011	9805	9324	9345
182	9052	10098	9423	9463
183	9091	10435	9513	9582
184	9117	10801	9603	9700
185	9136	11162	9695	9819
186	9227	11258	9824	9936
187	9289	11397	9950	10053
188	9332	11586	10072	10170
189	9367	11836	10180	10287
190	9398	12108	10290	10404
191	9498	12211	10405	10522
192	9559	12310	10527	10641
193	9623	12475	10643	10759
194	9686	12682	10757	10877
195	9737	12852	10870	10996
196	9838	12983	10991	11115
197	9927	13124	11118	11233
198	9998	13299	11250	11352
199	10065	13423	11374	11471
200	10102	13607	11500	11590
201	10211	13706	11623	11707
202	10290	13844	11734	11825
203	10372	13974	11850	11942
204	10426	14160	11958	12059
205	10463	14371	12082	12176
206	10589	14467	12194	12292
207	10681	14631	12320	12408
208	10773	14764	12435	12524
209	10846	14947	12548	12640
210	10904	15130	12665	12756
211	11019	15223	12803	12875
212	11115	15321	12925	12995
213	11173	15480	13036	13114
214	11255	15633	13155	13234
215	11333	15834	13266	13353
216	11426	15946	13385	13469
217	11524	16048	13489	13585
218	11623	16201	13603	13701
219	11686	16351	13711	13817
220	11750	16544	13816	13933
221	11908	16643	13949	14053
222	12029	16756	14067	14172
223	12139	16918	14187	14292
224	12233	17107	14304	14411
225	12299	17288	14424	14531
226	12407	17383	14546	14648
227	12540	17487	14660	14765
228	12641	17592	14776	14882
229	12730	17754	14886	15000
230	12796	17950	14994	15117
231	12896	18021	15102	15221
232	13016	18109	15209	15325
233	13112	18263	15310	15430
234	13183	18389	15429	15534
235	13227	18495	15545	15638
236	13373	18595	15652	15745
237	13479	18704	15759	15853
238	13549	18826	15867	15960
239	13631	18962	15967	16067
240	13709	19065	16066	16174
241	13819	19171	16171	16274
242	13908	19262	16273	16374
243	13976	19380	16377	16474
244	14064	19492	16476	16574
245	14134	19646	16575	16674
246	14236	19726	16670	16775
247	14344	19825	16767	16875
248	14451	19949	16881	16976
249	14515	20058	16982	17076
250	14584	20174	17097	17177
251	14696	20301	17206	17283
252	14796	20389	17304	17389
253	14888	20489	17415	17495
254	14976	20605	17523	17601
255	15030	20722	17638	17707
256	15217	20803	17739	17808
257	15295	20895	17844	17909
258	15385	20980	17945	18010
259	15456	21095	18053	18111
260	15528	21199	18162	18211
261	15646	21278	18257	18316
262	15759	21340	18366	18420
263	15848	21442	18478	18524
264	15915	21546	18584	18629
265	15966	21675	18679	18733
266	16133	21770	18784	18837
267	16222	21861	18880	18941
268	16320	21950	18976	19045
269	16386	22049	19092	19150
270	16462	22192	19199	19254
271	16588	22272	19290	19353
272	16697	22367	19396	19452
273	16803	22462	19503	19550
274	16888	22591	19599	19649
275	16966	22739	19694	19748
276	17050	22810	19802	19849
277	17156	22941	19904	19949
278	17227	23042	20020	20050
279	17299	23182	20119	20150
280	17379	23286	20219	20251
281	17470	23359	20325	20351
282	17585	23446	20428	20451
283	17678	23552	20536	20551
284	17757	23691	20633	20651
285	17842	23830	20729	20751
286	17954	23901	20834	20852
287	18073	24006	20938	20953
288	18197	24111	21039	21053
289	18286	24236	21148	21154
290	18403	24348	21239	21255
291	18515	24408	21344	21360
292	18610	24517	21457	21464
293	18705	24598	21567	21569
294	18784	24669	21679	21674
295	18889	24757	21785	21778
296	18971	24815	21887	21879
297	19087	24909	21994	21980
298	19205	25013	22084	22081
299	19291	25127	22174	22181
300	19347	25297	22287	22282
301	19488	25340	22375	22381
302	19570	25409	22485	22480
303	19705	25488	22578	22579
304	19780	25598	22677	22677
305	19906	25692	22779	22776
306	20017	25819	22882	22878
307	20076	25885	22979	22980
308	20223	25985	23082	23082
309	20293	26110	23174	23184
310	20407	26220	23277	23286
311	20504	26281	23379	23388
312	20591	26383	23487	23491
313	20672	26464	23595	23593
314	20765	26559	23708	23696
315	20850	26672	23815	23798
316	20978	26750	23907	23901
317	21108	26845	24003	24005
318	21192	26958	24113	24108
319	21271	27105	24224	24211
320	21344	27213	24319	24314
321	21477	27309	24414	24413
322	21563	27384	24502	24513
323	21722	27469	24614	24612
324	21816	27594	24710	24711
325	21888	27708	24803	24810
326	21978	27774	24903	24912
327	22129	27841	25011	25014
328	22215	27909	25106	25115
329	22312	27986	25192	25217
330	22439	28116	25297	25318
331	22566	28177	25411	25421
332	22694	28241	25518	25524
333	22811	28338	25626	25626
334	22889	28437	25738	25729
335	22983	28529	25840	25832
336	23145	28608	25937	25932
337	23273	28705	26033	26033
338	23357	28782	26134	26133
339	23433	28860	26232	26233
340	23486	28984	26325	26333
341	23685	29077	26433	26437
342	23838	29140	26532	26541
343	23908	29225	26635	26645
344	23978	29344	26735	26749
345	24038	29468	26851	26853
346	24226	29511	26951	26953
347	24372	29591	27046	27052
348	24459	29706	27149	27152
349	24527	29792	27254	27252
350	24640	29917	27363	27352
351	24789	30002	27459	27455
352	24931	30076	27567	27559
353	25050	30143	27679	27662
354	25160	30242	27781	27765
355	25225	30363	27876	27869
356	25379	30446	27984	27974
357	25513	30526	28089	28080
358	25638	30607	28190	28185
359	25733	30700	28307	28290
360	25823	30798	28420	28396
361	25967	30869	28517	28497
362	26111	30961	28613	28598
363	26240	31072	28719	28700
364	26341	31150	28822	28801
365	26428	31239	28928	28902
366	26521	31300	29026	29003
367	26614	31393	29126	29103
368	26738	31477	29220	29203
369	26837	31568	29328	29303
370	26895	31686	29442	29404
371	27061	31774	29536	29507
372	27233	31865	29643	29610
373	27339	31958	29748	29712
374	27458	32068	29854	29815
375	27554	32150	29946	29918
376	27708	32208	30049	30020
377	27807	32254	30157	30123
378	27919	32351	30255	30225
379	28026	32435	30356	30327
380	28112	32525	30466	30429
381	28267	32582	30571	30532
382	28405	32657	30672	30635
383	28548	32749	30769	30738
384	28669	32824	30869	30841
385	28747	32937	30969	30945
386	28916	32987	31073	31048
387	29017	33066	31171	31152
388	29170	33128	31274	31255
389	29258	33228	31379	31359
390	29372	33350	31495	31462
391	29532	33417	31601	31567
392	29700	33484	31704	31672
393	29881	33531	31800	31777
394	29985	33630	31900	31882
395	30091	33730	32004	31986
396	30292	33811	32092	32089
397	30484	33858	32195	32192
398	30640	33905	32292	32294
399	30772	34010	32389	32397
400	30881	34105	32498	32500
401	31073	34158	32604	32603
402	31253	34241	32705	32707
403	31395	34288	32811	32811
404	31503	34357	32921	32915
405	31621	34465	33025	33018
406	31730	34566	33128	33129
407	31830	34731	33250	33240
408	31919	34898	33353	33351
409	31980	35112	33463	33463
410	32036	35342	33558	33574
411	32141	35459	33680	33690
412	32259	35595	33804	33806
413	32332	35750	33920	33922
414	32383	35889	34025	34039
415	32433	36108	34125	34155
416	32534	36225	34235	34269
417	32619	36381	34352	34383
418	32704	36526	34470	34498
419	32774	36698	34573	34612
420	32831	36892	34681	34726
421	32960	36997	34793	34840
422	33069	37123	34914	34953
423	33128	37234	35025	35066
424	33202	37372	35142	35179
425	33278	37587	35245	35292
426	33381	37685	35378	35411
427	33510	37802	35491	35530
428	33573	37932	35600	35648
429	33664	38089	35724	35767
430	33742	38275	35836	35885
431	33866	38385	35947	35999
432	33938	38496	36060	36113
433	34033	38598	36176	36227
434	34102	38706	36290	36340
435	34176	38859	36406	36454
436	34293	38993	36526	36570
437	34384	39125	36640	36687
438	34454	39285	36748	36803
439	34545	39409	36873	36919
440	34618	39619	37000	37035
441	34756	39738	37119	37147
442	34847	39846	37227	37260
443	34929	39972	37342	37372
444	34995	40103	37463	37484
445	35092	40245	37578	37597
446	35216	40341	37686	37712
447	35313	40452	37796	37827
448	35394	40574	37905	37942
449	35496	40715	38020	38057
450	35570	40887	38138	38172
451	35682	40986	38263	38290
452	35769	41126	38392	38407
453	35869	41256	38522	38524
454	35960	41360	38634	38641
455	36070	41510	38756	38759
456	36208	41611	38880	38873
457	36317	41710	38984	38988
458	36412	41831	39103	39102
459	36484	41961	39212	39217
460	36548	42100	39331	39331
461	36682	42186	39458	39448
462	36795	42274	39571	39565
463	36908	42440	39696	39682
464	37023	42596	39818	39799
465	37081	42746	39948	39915
466	37220	42820	40057	40033
467	37330	42918	40174	40150
468	37442	43024	40294	40267
469	37550	43144	40406	40384
470	37620	43272	40515	40502
471	37758	43374	40641	40616
472	37891	43558	40756	40731
473	38025	43701	40874	40846
474	38117	43778	40988	40961
475	38192	43884	41106	41075
476	38278	43971	41224	41193
477	38374	44088	41329	41311
478	38487	44185	41451	41429
479	38586	44347	41573	41547
480	38697	44503	41694	41665
481	38829	44629	41797	41779
482	38935	44726	41917	41892
483	39012	44842	42036	42006
484	39105	44927	42143	42119
485	39198	45066	42253	42233
486	39313	45158	42361	42346
487	39446	45252	42475	42460
488	39497	45359	42593	42573
489	39621	45492	42705	42686
490	39705	45629	42816	42800
491	39819	45705	42947	42920
492	39906	45850	43058	43041
493	40007	45936	43167	43162
494	40130	46079	43277	43282
495	40230	46190	43403	43403
