depth	min	max	median	mean
174	5023	5446	5224	5219
175	5051	5477	5251	5247
176	5070	5520	5278	5275
177	5078	5575	5300	5303
178	5089	5639	5322	5331
179	5098	5719	5342	5360
180	5123	5754	5372	5388
181	5145	5797	5400	5417
182	5160	5838	5427	5446
183	5172	5885	5452	5474
184	5185	5945	5479	5503
185	5210	5982	5509	5533
186	5232	6016	5541	5564
187	5249	6054	5572	5594
188	5262	6103	5600	5624
189	5275	6154	5629	5654
190	5306	6187	5660	5683
191	5332	6219	5690	5712
192	5352	6256	5721	5742
193	5369	6295	5747	5771
194	5386	6352	5776	5800
195	5404	6372	5804	5829
196	5434	6399	5832	5858
197	5452	6437	5860	5887
198	5472	6492	5892	5916
199	5486	6528	5922	5945
200	5514	6554	5951	5975
201	5535	6576	5978	6004
202	5556	6617	6007	6034
203	5573	6654	6041	6064
204	5589	6707	6072	6093
205	5628	6728	6101	6123
206	5652	6759	6133	6153
207	5674	6795	6163	6183
208	5693	6831	6192	6212
209	5705	6876	6222	6242
210	5732	6900	6251	6271
211	5758	6931	6282	6299
212	5781	6963	6311	6328
213	5801	7004	6340	6356
214	5815	7039	6367	6384
215	5847	7067	6396	6414
216	5869	7095	6424	6443
217	5895	7128	6454	6472
218	5917	7176	6483	6501
219	5938	7224	6513	6531
220	5968	7253	6546	6561
221	5989	7286	6577	6591
222	6008	7315	6607	6621
223	6034	7350	6641	6651
224	6056	7387	6670	6681
225	6082	7419	6699	6711
226	6109	7447	6725	6741
227	6125	7481	6755	6770
228	6144	7524	6785	6800
229	6162	7562	6815	6829
230	6208	7594	6844	6859
231	6233	7616	6874	6888
232	6261	7645	6904	6917
233	6282	7677	6933	6947
234	6300	7710	6963	6976
235	6327	7740	6991	7005
236	6351	7774	7022	7035
237	6377	7810	7055	7064
238	6399	7845	7082	7094
239	6410	7888	7111	7123
240	6450	7910	7141	7152
241	6477	7947	7168	7181
242	6506	7972	7199	7210
243	6538	8008	7228	7238
244	6557	8045	7260	7267
245	6587	8056	7289	7296
246	6612	8091	7321	7324
247	6640	8128	7348	7353
248	6662	8149	7375	7382
249	6682	8188	7404	7410
250	6714	8209	7431	7439
251	6741	8230	7464	7468
252	6775	8257	7492	7497
253	6794	8293	7518	7525
254	6817	8325	7549	7554
255	6847	8342	7576	7583
256	6881	8365	7603	7612
257	6901	8401	7632	7641
258	6930	8438	7658	7670
259	6953	8470	7688	7700
260	6981	8492	7719	7728
261	7002	8512	7751	7756
262	7036	8536	7778	7784
263	7059	8565	7809	7812
264	7070	8607	7837	7841
265	7108	8640	7865	7870
266	7147	8660	7895	7899
267	7176	8695	7925	7929
268	7196	8736	7951	7958
269	7218	8770	7979	7987
270	7256	8790	8009	8016
271	7282	8820	8040	8045
272	7313	8854	8072	8074
273	7334	8888	8101	8103
274	7358	8923	8132	8132
275	7382	8940	8158	8160
276	7413	8961	8183	8188
277	7442	8985	8211	8217
278	7462	9011	8239	8245
279	7489	9050	8270	8274
280	7524	9071	8303	8303
281	7559	9094	8330	8332
282	7593	9115	8359	8362
283	7622	9147	8390	8391
284	7653	9178	8417	8421
285	7682	9208	8449	8450
286	7716	9238	8477	8479
287	7738	9279	8506	8508
288	7768	9313	8535	8537
289	7789	9347	8564	8566
290	7821	9378	8595	8595
291	7852	9397	8628	8625
292	7880	9422	8657	8654
293	7900	9453	8686	8684
294	7925	9493	8719	8713
295	7957	9512	8747	8743
296	7999	9537	8779	8774
297	8031	9559	8812	8804
298	8063	9604	8840	8834
299	8087	9635	8865	8864
300	8114	9652	8897	8894
301	8131	9679	8926	8924
302	8158	9701	8956	8953
303	8193	9729	8988	8983
304	8218	9766	9020	9013
305	8262	9783	9045	9043
306	8306	9811	9075	9073
307	8334	9844	9107	9102
308	8356	9867	9132	9132
309	8383	9899	9163	9162
310	8418	9922	9192	9191
311	8450	9936	9223	9220
312	8491	9963	9254	9249
313	8525	9997	9285	9278
314	8550	10030	9316	9307
315	8586	10051	9343	9336
316	8618	10074	9371	9366
317	8644	10104	9400	9395
318	8675	10136	9428	9424
319	8700	10167	9459	9453
320	8734	10189	9488	9482
321	8763	10213	9515	9511
322	8788	10232	9546	9540
323	8821	10263	9576	9569
324	8852	10291	9607	9598
325	8889	10307	9636	9627
326	8921	10338	9667	9656
327	8947	10362	9700	9685
328	8970	10386	9725	9713
329	8998	10414	9755	9742
330	9031	10436	9785	9772
331	9065	10453	9819	9801
332	9086	10474	9845	9830
333	9118	10503	9874	9860
334	9139	10539	9906	9889
335	9192	10565	9937	9918
336	9233	10588	9963	9947
337	9276	10611	9993	9976
338	9302	10641	10022	10005
339	9333	10670	10049	10034
340	9368	10689	10077	10062
341	9401	10703	10102	10090
342	9430	10728	10133	10118
343	9464	10752	10163	10146
344	9488	10779	10194	10174
345	9525	10792	10222	10204
346	9559	10811	10255	10233
347	9593	10832	10283	10263
348	9621	10853	10315	10292
349	9649	10880	10342	10321
350	9691	10899	10376	10352
351	9738	10927	10406	10383
352	9776	10947	10437	10413
353	9801	10975	10468	10444
354	9825	11006	10497	10474
355	9874	11024	10526	10504
356	9913	11049	10558	10533
357	9941	11071	10588	10563
358	9986	11098	10619	10593
359	10015	11121	10651	10622
360	10063	11139	10677	10651
361	10082	11157	10706	10680
362	10113	11174	10736	10708
363	10135	11196	10767	10737
364	10154	11221	10796	10766
365	10215	11245	10825	10796
366	10257	11271	10854	10827
367	10287	11293	10886	10858
368	10316	11318	10915	10888
369	10354	11345	10946	10919
370	10402	11362	10973	10948
371	10442	11378	11002	10978
372	10475	11395	11033	11007
373	10508	11421	11064	11037
374	10541	11447	11094	11067
375	10584	11464	11120	11096
376	10622	11482	11145	11125
377	10653	11503	11172	11153
378	10689	11523	11200	11182
379	10709	11554	11229	11211
380	10739	11570	11251	11238
381	10772	11590	11271	11265
382	10792	11612	11293	11293
383	10816	11638	11319	11320
