depth	min	max	median	mean
58	515	659	589	587
59	534	693	612	611
60	543	751	634	635
61	551	816	654	659
62	555	883	672	682
63	560	956	690	706
64	578	978	715	731
65	592	1006	739	755
66	602	1044	763	779
67	611	1092	788	804
68	620	1147	809	828
69	640	1173	834	851
70	657	1205	857	875
71	668	1230	881	898
72	677	1265	905	921
73	687	1311	927	945
74	708	1331	951	969
75	724	1359	976	993
76	739	1396	1003	1018
77	752	1422	1027	1042
78	765	1462	1052	1066
79	787	1480	1075	1090
80	808	1501	1099	1114
81	825	1530	1124	1138
82	837	1561	1149	1162
83	850	1602	1172	1186
84	876	1625	1198	1210
85	900	1648	1221	1234
86	914	1675	1246	1258
87	926	1702	1271	1282
88	940	1737	1292	1306
89	963	1760	1315	1329
90	985	1778	1339	1351
91	998	1800	1362	1374
92	1013	1828	1388	1396
93	1027	1860	1412	1419
94	1049	1879	1437	1443
95	1080	1894	1458	1467
96	1099	1916	1484	1490
97	1121	1945	1508	1514
98	1134	1978	1532	1538
99	1159	1997	1555	1562
100	1181	2015	1582	1587
101	1198	2042	1608	1611
102	1217	2066	1633	1635
103	1233	2109	1656	1659
104	1265	2121	1683	1684
105	1294	2142	1707	1708
106	1310	2162	1733	1733
107	1331	2194	1758	1757
108	1350	2224	1782	1782
109	1378	2234	1807	1804
110	1398	2254	1831	1827
111	1415	2277	1851	1849
112	1430	2301	1874	1871
113	1444	2331	1894	1893
114	1476	2346	1921	1917
115	1505	2367	1948	1941
116	1526	2391	1971	1965
117	1543	2415	1997	1989
118	1555	2447	2021	2013
119	1586	2460	2045	2037
120	1616	2474	2069	2061
121	1635	2498	2092	2085
122	1667	2516	2116	2109
123	1685	2544	2142	2132
124	1712	2560	2166	2157
125	1735	2580	2192	2181
126	1757	2602	2216	2206
127	1776	2626	2241	2230
128	1795	2654	2265	2254
129	1838	2667	2289	2278
130	1864	2680	2313	2302
131	1897	2701	2338	2327
132	1925	2720	2364	2351
133	1950	2740	2389	2375
134	1984	2752	2410	2397
135	2009	2764	2432	2420
136	2032	2780	2454	2443
137	2052	2803	2476	2465
138	2068	2828	2501	2488
139	2108	2840	2524	2512
140	2148	2858	2547	2536
141	2179	2879	2572	2560
142	2207	2895	2596	2584
143	2230	2919	2619	2608
144	2268	2933	2639	2630
145	2295	2947	2663	2653
146	2329	2962	2685	2675
147	2354	2979	2708	2698
148	2384	2996	2732	2720
149	2426	3010	2752	2744
150	2466	3025	2776	2768
151	2505	3039	2800	2793
152	2532	3054	2823	2817
153	2557	3075	2847	2841
154	2615	3088	2867	2865
155	2674	3103	2886	2888
156	2722	3119	2908	2912
157	2758	3134	2930	2936
158	2782	3157	2955	2960
159	2812	3173	2979	2985
160	2840	3199	3004	3010
161	2863	3230	3030	3035
162	2879	3274	3055	3061
163	2892	3320	3078	3086
164	2919	3343	3101	3109
165	2938	3369	3126	3132
166	2953	3403	3148	3156
167	2966	3445	3171	3179
168	2977	3481	3194	3202
169	3009	3499	3217	3227
170	3036	3524	3242	3252
171	3056	3562	3266	3276
172	3072	3597	3290	3301
173	3084	3639	3314	3326
174	3130	3667	3336	3350
175	3163	3692	3357	3374
176	3189	3728	3377	3398
177	3210	3777	3400	3423
178	3225	3815	3422	3447
179	3268	3864	3479	3505
180	3296	3961	3537	3563
181	3319	4087	3590	3622
182	3336	4219	3645	3680
183	3349	4378	3693	3738
184	3404	4431	3757	3798
185	3439	4502	3820	3858
186	3471	4582	3879	3918
187	3490	4696	3935	3978
188	3507	4841	3995	4038
189	3567	4891	4057	4102
190	3613	4969	4128	4166
191	3649	5034	4191	4230
192	3678	5135	4254	4294
193	3697	5255	4319	4358
194	3766	5309	4375	4420
195	3810	5366	4441	4482
196	3844	5432	4513	4543
197	3865	5524	4576	4605
198	3892	5625	4634	4667
199	3970	5664	4699	4728
200	4026	5714	4761	4788
201	4067	5783	4818	4849
202	4107	5871	4877	4909
203	4142	5966	4941	4970
204	4215	6013	4996	5029
205	4262	6060	5058	5087
206	4309	6094	5126	5146
207	4351	6151	5187	5205
208	4386	6234	5243	5263
209	4463	6266	5316	5325
210	4516	6305	5378	5386
211	4568	6364	5441	5448
212	4605	6443	5504	5509
213	4645	6516	5569	5571
214	4714	6551	5629	5631
215	4775	6591	5695	5692
216	4819	6639	5756	5753
217	4862	6696	5814	5814
218	4890	6781	5882	5874
219	4981	6831	5947	5936
220	5052	6873	6017	5998
221	5109	6927	6078	6061
222	5158	6982	6153	6123
223	5207	7072	6219	6185
224	5264	7103	6264	6232
225	5328	7139	6310	6280
226	5369	7176	6359	6328
227	5403	7227	6403	6376
228	5448	7277	6451	6423
229	5510	7304	6490	6470
230	5572	7347	6534	6516
231	5619	7387	6581	6562
232	5658	7435	6628	6608
233	5693	7492	6673	6654
234	5773	7533	6715	6701
235	5823	7563	6760	6747
236	5879	7605	6803	6793
237	5930	7645	6846	6839
238	5977	7691	6892	6886
239	6032	7723	6939	6932
240	6088	7755	6985	6978
241	6143	7779	7036	7024
242	6180	7807	7087	7070
243	6218	7859	7138	7116
244	6271	7892	7184	7160
245	6323	7918	7226	7204
246	6362	7959	7271	7248
247	6404	8000	7315	7292
248	6446	8043	7364	7336
249	6524	8075	7403	7379
250	6598	8109	7446	7422
251	6653	8137	7490	7466
252	6692	8177	7530	7509
253	6736	8225	7574	7552
254	6814	8247	7620	7597
255	6890	8268	7667	7642
256	6941	8300	7711	7687
257	6990	8338	7758	7732
258	7032	8375	7805	7777
259	7111	8417	7843	7820
260	7172	8438	7884	7863
261	7224	8461	7926	7907
262	7270	8499	7971	7950
263	7318	8540	8014	7993
264	7408	8569	8053	8037
265	7496	8590	8093	8081
266	7574	8624	8137	8125
267	7633	8661	8179	8169
268	7672	8703	8226	8213
269	7790	8736	8265	8259
270	7895	8764	8303	8306
271	7992	8792	8344	8352
272	8068	8829	8386	8399
273	8110	8873	8432	8445
274	8224	8904	8468	8493
275	8310	8945	8516	8542
