depth	min	max	median	mean
225	2597	4349	3453	3465
226	2606	4354	3459	3471
227	2608	4360	3466	3476
228	2612	4362	3471	3482
229	2619	4365	3477	3487
230	2624	4370	3483	3493
231	2628	4378	3489	3498
232	2632	4383	3494	3504
233	2639	4387	3500	3509
234	2647	4392	3507	3515
235	2651	4397	3514	3520
236	2658	4402	3518	3526
237	2664	4408	3524	3531
238	2669	4415	3530	3537
239	2673	4417	3535	3542
240	2677	4420	3539	3548
241	2680	4421	3544	3553
242	2685	4425	3549	3558
243	2690	4428	3554	3564
244	2700	4434	3560	3569
245	2702	4442	3566	3575
246	2706	4446	3571	3580
247	2712	4446	3578	3586
248	2722	4454	3583	3592
249	2727	4456	3589	3597
250	2737	4458	3595	3603
251	2742	4462	3601	3609
252	2750	4463	3608	3614
253	2756	4468	3616	3620
254	2759	4470	3622	3626
255	2764	4476	3629	3631
256	2771	4479	3633	3637
257	2780	4483	3640	3642
258	2790	4485	3645	3648
259	2797	4491	3651	3653
260	2808	4497	3656	3659
261	2811	4502	3661	3664
262	2815	4508	3666	3670
263	2824	4511	3669	3675
264	2828	4515	3676	3681
265	2831	4525	3681	3686
266	2836	4537	3686	3692
267	2844	4541	3693	3697
268	2851	4543	3699	3703
269	2854	4549	3705	3708
270	2858	4552	3711	3714
271	2862	4556	3715	3719
272	2871	4563	3721	3725
273	2875	4572	3725	3730
274	2879	4586	3730	3736
275	2884	4590	3734	3741
276	2889	4594	3740	3747
277	2896	4599	3747	3752
278	2904	4603	3752	3758
279	2909	4609	3757	3764
280	2915	4615	3763	3769
281	2920	4623	3767	3775
282	2927	4627	3772	3781
283	2933	4630	3779	3786
284	2940	4635	3786	3792
285	2945	4639	3790	3797
286	2955	4644	3795	3803
287	2961	4651	3801	3809
288	2966	4656	3805	3814
289	2972	4663	3809	3820
290	2980	4665	3816	3826
291	2991	4667	3822	3831
292	2995	4671	3829	3837
293	3007	4678	3832	3842
294	3019	4680	3838	3848
295	3023	4685	3844	3854
296	3028	4693	3848	3859
297	3035	4695	3853	3865
298	3039	4700	3858	3870
299	3043	4706	3864	3876
300	3046	4712	3870	3881
301	3050	4715	3876	3887
302	3057	4719	3883	3892
303	3062	4726	3890	3898
304	3065	4731	3896	3903
305	3070	4734	3902	3909
306	3078	4739	3905	3914
307	3082	4744	3912	3919
308	3089	4749	3918	3925
309	3097	4755	3922	3930
310	3103	4760	3927	3936
311	3108	4766	3933	3941
312	3115	4771	3939	3946
313	3121	4779	3945	3952
314	3131	4786	3949	3957
315	3133	4794	3953	3963
316	3146	4795	3960	3968
317	3157	4801	3966	3974
318	3169	4804	3971	3980
319	3173	4805	3976	3985
320	3181	4809	3982	3991
321	3186	4812	3989	3996
322	3193	4814	3995	4002
323	3200	4825	4000	4008
324	3208	4830	4007	4013
325	3213	4834	4012	4019
326	3214	4838	4017	4025
327	3221	4844	4023	4030
328	3226	4849	4028	4036
329	3230	4855	4034	4041
330	3234	4859	4039	4047
331	3238	4864	4044	4053
332	3239	4871	4050	4058
333	3246	4878	4056	4064
334	3251	4884	4060	4069
335	3256	4894	4068	4075
336	3264	4897	4073	4080
337	3271	4899	4076	4086
338	3276	4901	4082	4091
339	3280	4904	4087	4096
340	3286	4911	4093	4102
341	3287	4915	4100	4107
342	3293	4921	4106	4113
343	3298	4927	4111	4118
344	3304	4933	4116	4123
345	3308	4941	4121	4129
346	3315	4947	4127	4134
347	3321	4952	4133	4140
348	3327	4958	4137	4145
349	3336	4964	4143	4151
350	3344	4967	4150	4156
351	3351	4971	4154	4161
352	3359	4974	4160	4167
353	3364	4980	4168	4172
354	3369	4982	4176	4178
355	3374	4987	4181	4183
356	3382	4989	4186	4189
357	3387	4992	4191	4194
358	3392	4996	4196	4199
359	3403	5001	4202	4205
360	3404	5004	4206	4210
361	3415	5007	4211	4215
362	3420	5016	4217	4221
363	3423	5019	4223	4226
364	3429	5023	4228	4232
365	3433	5030	4233	4237
366	3436	5035	4238	4243
367	3441	5039	4242	4248
368	3448	5042	4248	4254
369	3452	5051	4253	4259
370	3457	5060	4260	4265
371	3464	5067	4266	4270
372	3469	5073	4273	4276
373	3474	5077	4278	4282
374	3479	5084	4285	4287
375	3484	5090	4290	4293
376	3490	5092	4296	4298
377	3500	5096	4303	4304
378	3507	5100	4307	4309
379	3513	5104	4312	4315
380	3520	5108	4317	4320
381	3528	5112	4324	4326
382	3535	5117	4327	4331
383	3543	5122	4333	4337
384	3552	5131	4339	4342
385	3558	5136	4345	4348
386	3564	5140	4351	4353
387	3570	5142	4357	4359
388	3572	5145	4362	4365
389	3579	5148	4367	4370
390	3583	5153	4371	4376
391	3591	5157	4376	4381
392	3598	5164	4381	4387
393	3602	5169	4388	4392
394	3609	5175	4394	4398
395	3616	5182	4399	4404
396	3620	5188	4404	4409
397	3629	5197	4410	4415
398	3636	5200	4415	4420
399	3646	5205	4420	4426
400	3650	5208	4427	4431
401	3652	5214	4433	4437
402	3657	5220	4438	4442
403	3661	5226	4444	4448
404	3668	5231	4451	4454
405	3671	5236	4455	4459
406	3678	5243	4461	4465
407	3687	5246	4466	4470
408	3693	5252	4474	4476
409	3700	5256	4480	4481
410	3705	5257	4485	4487
411	3713	5262	4490	4492
412	3717	5270	4495	4498
413	3722	5278	4501	4503
414	3729	5282	4505	4509
415	3734	5288	4509	4515
416	3745	5293	4516	4520
417	3760	5297	4523	4526
418	3764	5300	4529	4532
419	3768	5306	4534	4537
420	3770	5310	4540	4543
421	3777	5315	4545	4549
422	3781	5321	4552	4554
423	3785	5328	4558	4560
424	3789	5334	4563	4566
425	3793	5342	4568	4571
426	3798	5346	4574	4577
427	3801	5352	4581	4583
428	3804	5357	4585	4588
429	3810	5360	4591	4594
430	3814	5368	4596	4599
431	3820	5372	4603	4605
432	3827	5379	4608	4611
433	3831	5386	4613	4616
434	3844	5390	4618	4622
435	3850	5396	4623	4627
436	3856	5398	4629	4633
437	3861	5402	4636	4639
438	3871	5403	4643	4644
439	3878	5409	4647	4650
440	3881	5417	4654	4655
441	3892	5421	4660	4661
442	3898	5425	4665	4667
443	3904	5429	4671	4672
444	3910	5434	4677	4678
445	3915	5437	4683	4684
446	3922	5441	4689	4689
447	3929	5446	4695	4695
448	3935	5451	4702	4701
449	3940	5456	4707	4706
450	3943	5459	4713	4712
451	3948	5464	4720	4718
452	3954	5469	4726	4723
453	3964	5474	4732	4729
454	3970	5483	4738	4735
455	3979	5492	4745	4740
456	3982	5494	4750	4746
457	3990	5498	4755	4751
458	3994	5501	4760	4757
459	4001	5507	4765	4762
460	4005	5510	4772	4768
461	4013	5516	4779	4773
462	4017	5519	4786	4779
463	4022	5529	4791	4784
464	4025	5537	4796	4790
465	4030	5543	4801	4795
466	4041	5545	4807	4801
467	4050	5550	4811	4807
468	4054	5554	4815	4812
469	4058	5558	4821	4818
470	4069	5565	4827	4823
471	4082	5571	4833	4829
472	4093	5578	4837	4834
473	4099	5583	4843	4840
474	4104	5587	4849	4846
475	4107	5591	4854	4851
476	4122	5596	4860	4857
477	4127	5599	4865	4862
478	4131	5603	4871	4867
479	4136	5608	4876	4873
480	4139	5613	4882	4878
481	4150	5620	4888	4884
482	4155	5624	4894	4889
483	4158	5631	4902	4895
484	4163	5634	4907	4900
485	4169	5639	4913	4906
486	4177	5644	4919	4911
487	4185	5653	4924	4917
488	4190	5657	4929	4922
489	4198	5664	4932	4928
490	4205	5667	4937	4933
491	4212	5673	4944	4939
492	4220	5681	4949	4944
493	4223	5684	4955	4950
494	4228	5690	4962	4956
495	4234	5696	4967	4961
496	4238	5699	4972	4967
497	4242	5702	4979	4972
498	4248	5706	4983	4978
499	4253	5712	4989	4983
500	4255	5716	4995	4989
501	4256	5720	5000	4994
502	4262	5725	5005	5000
503	4269	5732	5009	5005
504	4272	5737	5014	5011
505	4278	5743	5021	5016
506	4286	5746	5026	5022
507	4297	5749	5032	5027
508	4301	5752	5037	5033
509	4308	5756	5043	5038
510	4313	5758	5047	5044
511	4320	5763	5051	5049
512	4327	5770	5057	5055
513	4337	5774	5062	5060
514	4340	5778	5068	5066
515	4344	5783	5074	5071
516	4350	5788	5079	5077
517	4357	5792	5083	5083
518	4364	5797	5088	5088
519	4371	5801	5094	5094
520	4378	5805	5100	5099
521	4385	5809	5106	5105
522	4392	5814	5112	5110
523	4396	5821	5119	5116
524	4398	5825	5123	5121
525	4404	5831	5128	5127
526	4407	5835	5134	5132
527	4412	5838	5140	5138
528	4418	5841	5147	5143
529	4421	5843	5152	5149
530	4424	5848	5156	5155
531	4428	5853	5162	5160
532	4435	5861	5169	5166
533	4440	5870	5174	5171
534	4444	5880	5179	5177
535	4449	5883	5186	5182
536	4455	5887	5192	5188
537	4463	5890	5198	5193
538	4469	5892	5204	5198
539	4476	5897	5210	5204
540	4482	5901	5216	5209
541	4488	5906	5223	5214
542	4496	5909	5228	5219
543	4497	5914	5232	5225
544	4498	5917	5236	5230
545	4507	5923	5241	5235
546	4512	5926	5246	5241
547	4522	5934	5252	5246
548	4528	5938	5258	5252
549	4532	5941	5263	5257
550	4536	5947	5268	5263
551	4545	5953	5272	5268
552	4549	5961	5277	5274
553	4557	5967	5284	5279
554	4565	5972	5289	5285
555	4569	5978	5295	5290
556	4574	5983	5301	5296
557	4582	5986	5305	5302
558	4591	5991	5311	5307
559	4597	5996	5315	5313
560	4604	6002	5319	5318
561	4608	6008	5326	5324
562	4609	6014	5330	5329
563	4614	6020	5335	5335
564	4621	6025	5341	5341
565	4628	6031	5346	5346
566	4635	6035	5351	5352
567	4641	6039	5356	5358
568	4653	6046	5362	5363
569	4664	6051	5367	5369
570	4673	6055	5371	5374
571	4679	6059	5378	5380
572	4684	6063	5383	5386
573	4686	6067	5390	5391
574	4689	6073	5397	5397
575	4697	6080	5402	5403
576	4710	6084	5408	5408
577	4717	6087	5413	5414
578	4721	6090	5418	5420
579	4731	6096	5425	5425
580	4738	6102	5430	5431
581	4743	6108	5435	5437
582	4753	6113	5443	5442
583	4758	6117	5448	5448
584	4763	6124	5452	5454
585	4769	6128	5458	5459
586	4780	6132	5463	5465
587	4789	6141	5470	5471
588	4797	6145	5477	5476
589	4806	6149	5482	5482
590	4813	6154	5487	5487
591	4820	6161	5493	5493
592	4825	6165	5500	5498
593	4830	6171	5504	5504
594	4833	6176	5509	5509
595	4839	6181	5514	5515
596	4845	6190	5521	5520
597	4849	6193	5528	5526
598	4860	6196	5533	5531
599	4867	6201	5540	5537
600	4870	6208	5545	5542
601	4876	6215	5550	5548
602	4878	6219	5555	5553
603	4883	6224	5561	5558
604	4892	6226	5566	5564
605	4899	6233	5572	5569
606	4902	6238	5577	5575
607	4909	6241	5584	5581
608	4913	6253	5590	5586
609	4919	6259	5595	5592
610	4921	6262	5602	5598
611	4923	6268	5609	5603
612	4934	6271	5615	5609
613	4938	6279	5621	5614
614	4943	6287	5627	5620
615	4948	6291	5633	5626
616	4954	6297	5637	5631
617	4964	6301	5644	5637
618	4968	6306	5649	5642
619	4973	6314	5655	5648
620	4976	6322	5660	5653
621	4981	6327	5664	5659
622	4987	6333	5668	5664
623	4992	6337	5673	5670
624	4998	6342	5679	5675
625	5002	6346	5686	5681
626	5010	6349	5692	5687
627	5018	6357	5698	5692
628	5022	6364	5702	5698
629	5027	6367	5709	5704
630	5031	6371	5714	5709
631	5038	6377	5722	5715
632	5043	6386	5729	5721
633	5052	6390	5733	5726
634	5058	6393	5740	5732
635	5063	6396	5746	5738
636	5072	6399	5751	5743
637	5082	6400	5757	5749
638	5087	6408	5762	5754
639	5097	6419	5767	5760
640	5105	6424	5773	5765
641	5113	6425	5777	5771
642	5120	6429	5782	5776
643	5130	6432	5788	5782
644	5136	6435	5794	5787
645	5141	6439	5799	5793
646	5149	6446	5804	5798
647	5160	6450	5810	5804
648	5167	6455	5814	5809
649	5170	6461	5821	5815
650	5175	6468	5826	5820
651	5181	6471	5831	5826
652	5187	6477	5835	5831
653	5192	6486	5840	5837
654	5199	6489	5846	5842
655	5207	6493	5851	5848
656	5209	6497	5856	5853
657	5213	6500	5861	5859
658	5218	6505	5867	5864
659	5223	6509	5872	5870
660	5229	6512	5876	5875
661	5234	6515	5883	5881
662	5240	6521	5890	5886
663	5246	6525	5895	5892
664	5249	6532	5899	5897
665	5253	6536	5905	5903
666	5260	6539	5912	5909
667	5273	6541	5916	5914
668	5282	6546	5922	5920
669	5288	6551	5928	5925
670	5291	6555	5934	5931
671	5296	6559	5940	5937
672	5299	6564	5946	5942
673	5309	6571	5951	5948
674	5316	6572	5956	5954
675	5319	6580	5961	5959
676	5325	6585	5967	5965
677	5331	6587	5973	5970
678	5341	6587	5978	5976
679	5348	6591	5983	5981
680	5355	6597	5988	5987
681	5363	6600	5993	5993
682	5369	6602	5999	5998
683	5374	6607	6007	6004
684	5378	6610	6013	6009
685	5383	6613	6020	6015
686	5389	6619	6026	6020
687	5397	6623	6031	6026
688	5402	6632	6036	6031
689	5409	6637	6041	6037
690	5417	6641	6046	6042
691	5421	6649	6052	6048
692	5429	6650	6059	6053
693	5437	6656	6064	6059
694	5445	6662	6069	6064
695	5454	6666	6075	6070
696	5457	6670	6079	6075
697	5460	6674	6083	6081
698	5466	6678	6089	6086
699	5470	6683	6094	6092
700	5474	6687	6100	6097
701	5482	6691	6105	6103
702	5488	6695	6110	6108
703	5496	6702	6116	6114
704	5502	6707	6121	6119
705	5504	6711	6127	6125
706	5509	6717	6132	6130
707	5519	6723	6138	6136
708	5522	6730	6144	6141
709	5535	6738	6150	6147
710	5539	6743	6156	6152
711	5548	6747	6162	6158
712	5559	6748	6167	6163
713	5565	6756	6172	6169
714	5572	6761	6177	6175
715	5575	6766	6184	6180
716	5583	6772	6189	6186
717	5587	6774	6193	6191
718	5591	6778	6199	6197
719	5598	6785	6204	6202
720	5609	6786	6210	6208
721	5613	6790	6216	6213
722	5618	6795	6222	6219
723	5622	6801	6229	6224
724	5629	6807	6235	6230
725	5634	6813	6240	6235
726	5644	6817	6246	6241
727	5651	6821	6250	6247
728	5660	6833	6255	6252
729	5666	6839	6260	6258
730	5669	6843	6266	6264
731	5678	6850	6272	6269
732	5683	6853	6278	6275
733	5689	6855	6285	6281
734	5694	6859	6290	6286
735	5698	6865	6295	6292
736	5705	6868	6301	6297
737	5712	6871	6307	6303
738	5717	6879	6313	6308
739	5724	6884	6318	6313
740	5735	6888	6324	6319
741	5745	6895	6329	6324
742	5750	6901	6336	6330
743	5758	6907	6339	6335
744	5761	6915	6345	6340
745	5764	6921	6351	6346
746	5771	6925	6355	6351
747	5774	6929	6359	6357
748	5777	6932	6365	6362
749	5782	6935	6370	6368
750	5787	6939	6375	6373
751	5799	6943	6382	6379
752	5810	6952	6387	6384
753	5818	6958	6393	6390
754	5824	6961	6398	6395
755	5833	6969	6404	6401
756	5839	6974	6410	6406
757	5843	6980	6416	6411
758	5846	6986	6420	6417
759	5850	6991	6425	6422
760	5855	6994	6430	6427
761	5862	6995	6435	6433
762	5868	6999	6440	6438
763	5877	7001	6445	6443
764	5886	7003	6451	6448
765	5890	7009	6456	6454
766	5900	7015	6462	6459
767	5905	7019	6469	6465
768	5913	7026	6473	6470
769	5923	7029	6478	6476
770	5930	7033	6485	6481
771	5937	7043	6490	6487
772	5944	7048	6497	6492
773	5951	7057	6502	6498
774	5955	7063	6508	6503
775	5960	7067	6514	6509
776	5968	7073	6519	6514
777	5975	7074	6524	6520
778	5982	7079	6529	6525
779	5991	7083	6534	6531
780	5996	7089	6540	6537
781	6005	7094	6544	6542
782	6010	7099	6550	6548
783	6018	7100	6555	6553
784	6021	7104	6560	6559
785	6027	7108	6566	6565
786	6033	7113	6572	6570
787	6037	7116	6578	6576
788	6043	7121	6585	6581
789	6047	7127	6592	6587
790	6056	7133	6597	6592
791	6060	7138	6602	6598
792	6066	7145	6606	6603
793	6070	7153	6611	6609
794	6075	7156	6615	6614
795	6078	7162	6621	6620
796	6087	7167	6626	6625
797	6092	7171	6632	6631
798	6096	7177	6637	6636
799	6101	7183	6642	6642
800	6107	7186	6648	6647
801	6111	7191	6653	6653
802	6118	7195	6659	6658
803	6122	7200	6663	6664
804	6130	7204	6670	6669
805	6137	7206	6675	6675
806	6140	7208	6680	6681
807	6150	7211	6686	6686
808	6157	7215	6692	6692
809	6164	7220	6696	6698
810	6168	7225	6702	6704
811	6173	7229	6708	6709
812	6176	7233	6715	6715
813	6179	7238	6720	6721
814	6184	7239	6725	6726
815	6189	7244	6732	6732
816	6198	7250	6735	6737
817	6205	7256	6741	6743
818	6213	7258	6745	6748
819	6219	7261	6750	6754
820	6228	7267	6756	6759
821	6233	7273	6761	6765
822	6237	7279	6767	6770
823	6245	7282	6773	6776
824	6250	7287	6778	6781
825	6254	7293	6783	6787
826	6262	7297	6789	6792
827	6274	7301	6795	6798
828	6281	7307	6799	6803
829	6286	7311	6805	6809
830	6291	7318	6810	6814
831	6297	7323	6815	6820
832	6303	7328	6819	6825
833	6310	7332	6823	6830
834	6318	7338	6830	6836
835	6325	7344	6835	6841
836	6335	7347	6841	6847
837	6342	7349	6847	6853
838	6347	7354	6853	6858
839	6351	7360	6859	6864
840	6361	7368	6867	6870
841	6367	7373	6872	6875
842	6373	7378	6878	6881
843	6377	7385	6883	6887
844	6384	7389	6889	6892
845	6391	7393	6895	6898
846	6397	7399	6900	6903
847	6404	7403	6906	6909
848	6409	7406	6911	6914
849	6413	7408	6916	6919
850	6417	7411	6922	6924
851	6425	7417	6927	6930
852	6432	7423	6933	6935
853	6437	7429	6938	6940
854	6445	7433	6944	6946
855	6452	7437	6950	6951
856	6457	7444	6954	6956
857	6461	7451	6959	6961
858	6467	7455	6963	6966
859	6472	7462	6968	6971
860	6475	7468	6973	6975
861	6480	7474	6978	6980
862	6484	7478	6983	6985
863	6489	7483	6988	6990
864	6493	7490	6993	6995
865	6495	7498	6998	7000
866	6501	7503	7003	7005
867	6509	7508	7008	7010
868	6510	7516	7013	7015
869	6512	7520	7017	7020
870	6518	7524	7022	7025
871	6526	7530	7026	7030
872	6534	7533	7030	7035
873	6539	7538	7035	7040
874	6543	7545	7040	7045
875	6545	7550	7045	7050
876	6550	7556	7050	7055
877	6557	7559	7054	7060
878	6560	7566	7059	7065
879	6565	7572	7065	7070
880	6571	7577	7069	7075
881	6577	7583	7075	7080
882	6583	7589	7081	7085
883	6589	7597	7086	7090
884	6594	7603	7090	7095
885	6601	7611	7094	7100
886	6606	7614	7100	7105
887	6610	7620	7105	7110
888	6616	7627	7110	7115
889	6620	7635	7116	7120
890	6629	7638	7121	7125
891	6629	7642	7126	7130
892	6633	7652	7131	7135
893	6637	7656	7135	7140
894	6638	7658	7140	7145
895	6643	7661	7144	7150
896	6649	7665	7150	7155
897	6656	7669	7155	7160
898	6664	7677	7159	7165
899	6668	7679	7166	7170
900	6675	7686	7171	7175
901	6681	7692	7176	7180
902	6687	7696	7181	7185
903	6694	7703	7186	7190
904	6702	7707	7191	7195
905	6708	7709	7195	7200
906	6710	7717	7199	7205
907	6714	7725	7203	7210
908	6724	7728	7207	7215
909	6728	7733	7212	7220
910	6733	7740	7216	7225
911	6739	7744	7221	7230
912	6743	7749	7227	7235
913	6747	7755	7232	7240
914	6755	7759	7237	7245
915	6760	7764	7242	7250
916	6766	7774	7245	7255
917	6771	7782	7249	7259
918	6774	7785	7253	7264
919	6776	7791	7258	7269
920	6780	7799	7262	7274
921	6787	7804	7267	7279
922	6793	7807	7272	7283
923	6799	7815	7277	7288
924	6806	7822	7281	7293
925	6810	7828	7286	7298
926	6817	7833	7291	7303
927	6820	7837	7295	7308
928	6825	7839	7300	7312
929	6829	7843	7305	7317
930	6833	7850	7309	7322
931	6841	7856	7313	7327
932	6846	7862	7319	7332
933	6850	7867	7325	7337
934	6852	7872	7330	7342
935	6855	7879	7335	7346
936	6862	7884	7339	7351
937	6866	7892	7343	7356
938	6871	7896	7348	7361
939	6877	7900	7352	7366
940	6884	7905	7357	7370
941	6890	7909	7362	7375
942	6895	7918	7366	7380
943	6900	7925	7371	7385
944	6906	7930	7375	7390
945	6913	7935	7380	7394
946	6919	7938	7384	7399
947	6924	7941	7388	7404
948	6928	7947	7392	7409
949	6934	7952	7396	7414
950	6939	7959	7401	7419
951	6944	7966	7406	7424
952	6948	7972	7410	7429
953	6955	7977	7415	7433
954	6962	7981	7418	7438
955	6966	7987	7423	7443
956	6971	7991	7427	7448
957	6973	7996	7432	7453
958	6979	8002	7436	7458
959	6985	8009	7441	7463
960	6988	8013	7447	7468
961	6990	8018	7453	7473
962	6996	8024	7458	7478
963	7003	8027	7463	7483
964	7008	8035	7467	7487
965	7011	8041	7473	7492
966	7016	8046	7477	7497
967	7024	8051	7482	7502
968	7030	8056	7488	7507
969	7037	8062	7493	7512
970	7040	8066	7498	7517
971	7043	8071	7503	7521
972	7049	8074	7507	7526
973	7054	8078	7512	7531
974	7061	8081	7516	7536
975	7067	8089	7522	7541
976	7069	8093	7526	7546
977	7073	8097	7530	7551
978	7079	8102	7535	7556
979	7086	8105	7540	7561
980	7092	8109	7545	7565
981	7096	8114	7549	7570
982	7103	8122	7553	7575
983	7113	8128	7558	7580
984	7118	8131	7562	7585
985	7121	8138	7567	7590
986	7124	8140	7572	7595
987	7131	8144	7576	7600
988	7139	8150	7580	7605
989	7143	8153	7586	7609
990	7150	8162	7590	7614
991	7154	8171	7595	7619
992	7160	8180	7600	7624
993	7166	8187	7605	7629
994	7172	8195	7610	7634
995	7176	8204	7614	7638
996	7187	8208	7619	7643
997	7192	8211	7623	7648
998	7195	8216	7628	7653
999	7203	8219	7633	7658
1000	7208	8224	7638	7663
1001	7212	8230	7642	7667
1002	7217	8240	7647	7672
1003	7221	8245	7651	7677
1004	7224	8254	7655	7682
1005	7230	8260	7659	7687
1006	7234	8263	7663	7692
1007	7238	8266	7667	7696
1008	7243	8270	7671	7701
1009	7248	8273	7675	7706
1010	7249	8275	7679	7711
1011	7253	8279	7684	7716
1012	7260	8285	7688	7720
1013	7264	8287	7693	7725
1014	7270	8291	7698	7730
1015	7274	8297	7703	7735
1016	7279	8306	7707	7740
1017	7285	8312	7713	7745
1018	7292	8318	7717	7749
1019	7299	8322	7722	7754
1020	7305	8326	7727	7759
1021	7311	8330	7732	7764
1022	7314	8334	7738	7769
1023	7317	8339	7743	7774
1024	7321	8344	7747	7779
1025	7325	8352	7752	7784
1026	7331	8357	7757	7789
1027	7337	8361	7762	7794
1028	7342	8366	7766	7798
1029	7347	8370	7771	7803
1030	7351	8377	7776	7808
1031	7353	8382	7780	7813
1032	7359	8386	7784	7817
1033	7369	8388	7788	7822
1034	7372	8393	7792	7827
1035	7378	8401	7797	7832
1036	7384	8410	7801	7837
1037	7395	8416	7806	7841
1038	7399	8419	7812	7846
1039	7404	8426	7816	7851
1040	7409	8431	7822	7856
1041	7413	8440	7825	7861
1042	7417	8449	7831	7866
1043	7419	8455	7835	7871
1044	7422	8463	7839	7876
1045	7427	8467	7845	7881
1046	7432	8473	7851	7885
1047	7436	8479	7855	7890
1048	7443	8484	7859	7895
1049	7452	8486	7865	7900
1050	7459	8490	7869	7905
1051	7465	8496	7874	7910
1052	7468	8501	7878	7915
1053	7472	8505	7883	7919
1054	7478	8513	7887	7924
1055	7482	8517	7891	7929
1056	7489	8524	7896	7934
1057	7497	8527	7901	7939
1058	7499	8532	7906	7944
1059	7504	8536	7911	7948
1060	7508	8540	7916	7953
1061	7511	8543	7921	7958
1062	7518	8548	7927	7963
1063	7520	8553	7931	7968
1064	7523	8559	7937	7973
1065	7527	8564	7941	7977
1066	7531	8570	7946	7982
1067	7537	8573	7950	7987
1068	7545	8579	7955	7992
1069	7550	8582	7959	7997
1070	7555	8588	7963	8002
1071	7563	8594	7967	8007
1072	7569	8602	7971	8012
1073	7575	8609	7977	8017
1074	7580	8613	7982	8022
1075	7586	8618	7985	8027
1076	7591	8622	7989	8031
1077	7596	8626	7994	8036
1078	7602	8630	7998	8041
1079	7607	8633	8003	8046
1080	7611	8638	8007	8051
1081	7615	8640	8012	8056
1082	7625	8645	8015	8061
1083	7628	8650	8021	8066
1084	7632	8656	8025	8071
1085	7638	8659	8029	8076
1086	7645	8662	8034	8081
1087	7652	8665	8039	8086
1088	7656	8674	8043	8091
1089	7661	8676	8047	8096
1090	7667	8682	8052	8101
1091	7672	8687	8057	8106
1092	7678	8694	8062	8111
1093	7682	8701	8068	8116
1094	7687	8709	8074	8121
1095	7692	8716	8078	8126
1096	7700	8716	8083	8131
1097	7704	8719	8088	8136
1098	7709	8727	8093	8141
1099	7715	8728	8097	8146
1100	7721	8730	8101	8151
1101	7727	8732	8106	8156
1102	7730	8739	8110	8161
1103	7736	8746	8114	8166
1104	7742	8750	8120	8171
1105	7748	8754	8126	8176
1106	7757	8758	8131	8181
1107	7765	8763	8134	8186
1108	7773	8767	8139	8191
1109	7780	8772	8144	8196
1110	7788	8778	8148	8201
1111	7793	8784	8154	8206
1112	7797	8788	8158	8211
1113	7804	8791	8163	8216
1114	7810	8796	8168	8221
1115	7817	8806	8173	8226
1116	7822	8810	8179	8230
1117	7829	8813	8184	8235
1118	7833	8819	8187	8240
1119	7836	8825	8192	8245
1120	7844	8829	8197	8250
1121	7849	8834	8202	8255
1122	7853	8838	8206	8260
1123	7857	8843	8212	8265
1124	7862	8851	8217	8270
1125	7869	8861	8222	8275
1126	7876	8862	8227	8280
1127	7880	8870	8230	8285
1128	7887	8873	8235	8289
1129	7892	8877	8239	8294
1130	7900	8883	8245	8299
1131	7907	8889	8250	8304
1132	7913	8894	8254	8309
1133	7919	8900	8258	8313
1134	7923	8908	8263	8318
1135	7925	8920	8268	8323
1136	7932	8923	8273	8328
1137	7938	8927	8277	8333
1138	7946	8934	8282	8338
1139	7951	8944	8287	8343
1140	7956	8945	8292	8348
1141	7961	8945	8296	8353
1142	7968	8949	8300	8358
1143	7974	8951	8305	8363
1144	7977	8956	8310	8368
1145	7984	8967	8314	8373
1146	7992	8971	8318	8378
1147	7996	8979	8323	8383
1148	8004	8986	8328	8388
1149	8011	8995	8332	8392
1150	8017	8999	8337	8397
1151	8023	9003	8341	8402
1152	8026	9008	8347	8407
1153	8030	9014	8352	8412
1154	8036	9018	8356	8417
1155	8041	9027	8361	8422
1156	8050	9030	8366	8427
1157	8059	9033	8370	8432
1158	8067	9038	8375	8436
1159	8073	9044	8381	8441
1160	8078	9045	8386	8446
1161	8085	9051	8390	8451
1162	8090	9053	8395	8456
1163	8094	9057	8400	8461
1164	8102	9063	8405	8465
1165	8107	9067	8410	8470
1166	8115	9070	8415	8475
1167	8121	9075	8420	8480
1168	8128	9079	8426	8485
1169	8135	9085	8431	8489
1170	8140	9092	8435	8494
1171	8146	9097	8439	8499
1172	8150	9103	8445	8504
1173	8155	9109	8448	8509
1174	8162	9116	8453	8513
1175	8166	9119	8458	8518
1176	8171	9122	8464	8524
1177	8177	9128	8469	8529
1178	8182	9132	8476	8534
1179	8188	9134	8483	8540
1180	8193	9140	8489	8545
1181	8198	9145	8495	8551
1182	8203	9150	8500	8556
1183	8207	9155	8506	8561
1184	8210	9167	8510	8567
1185	8215	9173	8515	8572
1186	8224	9178	8521	8578
1187	8230	9183	8527	8585
1188	8236	9188	8532	8591
1189	8242	9191	8537	8597
1190	8247	9200	8542	8603
1191	8251	9208	8548	8609
1192	8257	9215	8554	8616
1193	8260	9225	8561	8622
1194	8265	9237	8567	8628
1195	8270	9246	8574	8634
1196	8276	9251	8580	8640
1197	8283	9256	8585	8646
1198	8289	9263	8590	8653
1199	8297	9267	8597	8659
1200	8302	9274	8603	8665
1201	8306	9278	8609	8671
1202	8311	9281	8615	8677
1203	8316	9286	8620	8683
1204	8321	9291	8625	8689
1205	8324	9298	8631	8695
1206	8330	9305	8637	8701
1207	8336	9312	8644	8708
1208	8341	9316	8651	8714
1209	8348	9322	8658	8720
1210	8357	9329	8665	8726
1211	8362	9336	8671	8732
1212	8365	9343	8676	8738
1213	8370	9351	8683	8745
1214	8373	9356	8691	8751
1215	8375	9365	8697	8757
1216	8379	9374	8702	8763
1217	8385	9377	8710	8769
1218	8391	9388	8717	8775
1219	8396	9395	8722	8781
1220	8402	9402	8728	8787
1221	8408	9411	8736	8793
1222	8412	9417	8742	8799
1223	8414	9426	8748	8805
1224	8417	9430	8755	8811
1225	8419	9435	8762	8817
1226	8425	9441	8768	8823
1227	8432	9445	8775	8829
1228	8439	9450	8780	8835
1229	8443	9457	8785	8841
1230	8447	9463	8791	8847
1231	8451	9467	8797	8853
1232	8456	9468	8805	8860
1233	8461	9472	8811	8866
1234	8463	9482	8818	8872
1235	8467	9486	8824	8878
1236	8473	9492	8830	8884
1237	8480	9496	8836	8890
1238	8487	9506	8842	8896
1239	8494	9512	8849	8902
1240	8501	9519	8855	8908
1241	8505	9525	8861	8914
1242	8509	9531	8868	8920
1243	8513	9539	8875	8926
1244	8516	9546	8879	8932
1245	8519	9553	8886	8938
1246	8526	9559	8892	8944
1247	8534	9567	8898	8950
1248	8539	9576	8906	8956
1249	8546	9578	8913	8962
1250	8550	9581	8920	8968
1251	8553	9587	8926	8974
1252	8558	9595	8932	8980
1253	8565	9604	8937	8986
1254	8570	9613	8944	8992
1255	8575	9621	8951	8998
1256	8581	9628	8955	9004
1257	8587	9631	8961	9010
1258	8591	9637	8968	9016
1259	8596	9642	8973	9022
1260	8601	9648	8980	9028
1261	8606	9655	8987	9034
1262	8609	9665	8993	9040
1263	8613	9673	9000	9046
1264	8615	9682	9008	9052
1265	8621	9691	9014	9058
1266	8625	9694	9021	9064
1267	8632	9695	9026	9070
1268	8641	9697	9034	9076
1269	8645	9701	9040	9082
1270	8650	9706	9046	9088
1271	8654	9711	9052	9094
1272	8659	9713	9058	9101
1273	8663	9724	9064	9107
1274	8667	9734	9070	9113
1275	8672	9739	9076	9119
1276	8678	9745	9083	9125
1277	8681	9753	9089	9131
1278	8687	9757	9095	9137
1279	8693	9767	9100	9143
1280	8698	9774	9107	9149
1281	8702	9778	9115	9155
1282	8707	9783	9121	9161
1283	8713	9792	9127	9167
1284	8719	9799	9132	9173
1285	8724	9804	9138	9179
1286	8728	9811	9144	9185
1287	8737	9814	9151	9191
1288	8740	9819	9158	9197
1289	8744	9827	9163	9203
1290	8748	9834	9170	9210
1291	8754	9841	9176	9216
1292	8759	9848	9183	9222
1293	8762	9854	9189	9228
1294	8767	9862	9196	9234
1295	8773	9869	9203	9240
1296	8775	9874	9208	9246
1297	8779	9879	9213	9252
1298	8784	9883	9221	9258
1299	8793	9894	9226	9264
1300	8799	9900	9231	9270
1301	8803	9904	9238	9276
1302	8810	9910	9244	9282
1303	8814	9916	9250	9288
1304	8816	9924	9256	9295
1305	8821	9935	9261	9301
1306	8826	9937	9267	9307
1307	8831	9944	9273	9313
1308	8836	9952	9280	9319
1309	8846	9961	9286	9325
1310	8853	9965	9293	9331
1311	8856	9971	9300	9337
1312	8859	9980	9305	9343
1313	8862	9985	9312	9349
1314	8865	9995	9317	9355
1315	8867	10004	9323	9361
1316	8878	10007	9330	9368
1317	8884	10013	9337	9374
1318	8890	10017	9343	9380
1319	8896	10027	9349	9386
1320	8904	10030	9354	9393
1321	8908	10039	9361	9399
1322	8915	10044	9367	9405
1323	8919	10051	9372	9411
1324	8925	10058	9379	9417
1325	8930	10068	9384	9424
1326	8934	10069	9391	9430
1327	8943	10076	9398	9436
1328	8946	10080	9404	9442
1329	8949	10085	9410	9448
1330	8954	10088	9416	9454
1331	8961	10091	9424	9460
1332	8967	10100	9430	9466
1333	8973	10106	9436	9473
1334	8978	10114	9443	9479
1335	8980	10121	9450	9485
1336	8987	10127	9455	9491
1337	8991	10133	9460	9497
1338	8997	10139	9466	9503
1339	9003	10145	9472	9510
1340	9007	10152	9477	9516
1341	9013	10157	9484	9522
1342	9020	10161	9491	9528
1343	9025	10167	9496	9534
1344	9028	10176	9503	9541
1345	9034	10181	9509	9547
1346	9039	10184	9515	9553
1347	9043	10190	9520	9559
1348	9050	10194	9526	9565
1349	9058	10200	9532	9571
1350	9064	10207	9539	9578
1351	9067	10213	9546	9584
1352	9073	10221	9552	9590
1353	9078	10228	9558	9596
1354	9084	10234	9564	9602
1355	9089	10241	9569	9608
1356	9095	10249	9576	9614
1357	9102	10257	9583	9621
1358	9107	10262	9590	9627
1359	9113	10268	9597	9633
1360	9120	10274	9603	9639
1361	9123	10282	9609	9645
1362	9127	10287	9615	9652
1363	9129	10295	9621	9658
1364	9132	10300	9628	9664
1365	9141	10308	9635	9670
1366	9146	10315	9641	9676
1367	9152	10320	9647	9682
1368	9156	10326	9653	9688
1369	9158	10331	9660	9694
1370	9161	10341	9665	9700
1371	9164	10344	9670	9706
1372	9169	10351	9676	9712
1373	9173	10359	9682	9718
1374	9177	10368	9689	9724
1375	9183	10371	9695	9730
1376	9187	10376	9699	9735
1377	9192	10385	9705	9741
1378	9198	10391	9709	9746
1379	9203	10397	9714	9752
1380	9205	10402	9720	9758
