depth	min	max	median	mean
200	302	1118	778	761
201	312	1126	786	770
202	316	1135	794	779
203	332	1143	803	788
204	343	1154	811	797
205	350	1168	820	806
206	359	1174	829	815
207	372	1182	839	824
208	380	1192	849	833
209	389	1200	860	842
210	394	1205	868	851
211	402	1212	877	859
212	405	1222	884	868
213	420	1231	893	877
214	428	1239	901	885
215	435	1249	909	894
216	446	1258	917	903
217	461	1269	926	912
218	466	1279	934	921
219	474	1293	943	930
220	482	1300	951	938
221	490	1308	959	947
222	500	1315	968	956
223	509	1322	975	964
224	515	1329	984	973
225	523	1340	991	981
226	532	1345	1000	990
227	542	1354	1009	998
228	550	1363	1017	1006
229	561	1375	1025	1015
230	572	1385	1034	1023
231	583	1395	1042	1032
232	593	1401	1051	1041
233	602	1410	1060	1049
234	610	1417	1069	1058
235	618	1427	1079	1067
236	628	1434	1089	1076
237	635	1441	1098	1085
238	647	1449	1108	1094
239	656	1458	1117	1104
240	665	1467	1127	1113
241	675	1473	1135	1122
242	682	1480	1144	1130
243	694	1486	1154	1139
244	702	1493	1162	1148
245	712	1502	1171	1157
246	725	1507	1179	1165
247	739	1515	1187	1174
248	746	1520	1196	1182
249	754	1528	1204	1190
250	763	1535	1212	1198
251	776	1542	1220	1207
252	786	1547	1229	1216
253	797	1555	1237	1224
254	808	1566	1245	1233
255	816	1572	1253	1241
256	833	1579	1262	1250
257	842	1584	1270	1259
258	852	1592	1278	1268
259	869	1598	1285	1276
260	876	1609	1294	1285
261	887	1613	1302	1294
262	899	1621	1311	1303
263	913	1628	1320	1311
264	924	1635	1331	1320
265	932	1640	1340	1329
266	946	1647	1349	1338
267	961	1653	1358	1346
268	971	1661	1366	1355
269	980	1671	1375	1364
270	989	1681	1384	1373
271	999	1687	1394	1382
272	1008	1693	1403	1391
273	1018	1702	1412	1400
274	1028	1712	1420	1409
275	1034	1723	1430	1418
276	1046	1729	1438	1426
277	1054	1735	1447	1435
278	1065	1743	1456	1444
279	1076	1749	1465	1453
280	1086	1755	1474	1461
281	1094	1761	1483	1470
282	1103	1769	1492	1479
283	1116	1776	1500	1488
284	1127	1786	1510	1497
285	1133	1795	1519	1506
286	1147	1800	1528	1514
287	1160	1806	1537	1523
288	1175	1811	1545	1531
289	1188	1817	1553	1540
290	1198	1824	1562	1548
291	1210	1831	1571	1557
292	1224	1838	1580	1566
293	1236	1845	1588	1575
294	1245	1857	1596	1584
295	1255	1867	1605	1593
296	1271	1871	1613	1602
297	1285	1875	1622	1611
298	1300	1880	1630	1619
299	1313	1888	1639	1628
300	1322	1898	1648	1637
301	1333	1904	1655	1646
302	1345	1910	1663	1654
303	1355	1917	1671	1663
304	1367	1923	1679	1671
305	1377	1934	1689	1680
306	1391	1939	1698	1688
307	1400	1946	1705	1697
308	1411	1951	1714	1705
309	1425	1958	1722	1714
310	1433	1969	1729	1722
311	1444	1975	1739	1731
312	1458	1981	1747	1740
313	1467	1987	1756	1749
314	1477	1998	1766	1757
315	1485	2008	1773	1766
316	1497	2015	1782	1775
317	1510	2020	1790	1784
318	1521	2030	1799	1793
319	1528	2038	1808	1802
320	1536	2046	1818	1811
321	1552	2052	1827	1820
322	1572	2059	1835	1829
323	1584	2067	1844	1838
324	1596	2073	1853	1847
325	1604	2084	1862	1856
326	1615	2088	1871	1864
327	1625	2095	1879	1873
328	1634	2100	1888	1882
329	1642	2108	1896	1890
330	1651	2116	1904	1899
331	1669	2120	1912	1908
332	1682	2127	1920	1917
333	1694	2134	1929	1926
334	1701	2143	1939	1935
335	1710	2152	1949	1944
336	1724	2155	1956	1952
337	1736	2160	1965	1961
338	1745	2166	1975	1969
339	1753	2173	1985	1978
340	1762	2181	1994	1986
341	1776	2187	2002	1995
342	1790	2192	2010	2004
343	1801	2200	2018	2012
344	1810	2208	2026	2021
345	1817	2216	2035	2030
346	1828	2221	2044	2038
347	1840	2227	2054	2047
348	1852	2233	2062	2055
349	1862	2241	2070	2063
350	1875	2250	2079	2072
351	1894	2254	2088	2081
352	1906	2261	2097	2089
353	1916	2267	2105	2098
354	1927	2275	2114	2107
355	1937	2283	2122	2116
356	1946	2288	2129	2123
357	1954	2294	2137	2130
358	1961	2299	2145	2138
359	1969	2307	2152	2145
360	1975	2315	2158	2152
361	1984	2320	2165	2159
362	1993	2326	2172	2166
363	2001	2334	2178	2173
364	2008	2343	2184	2180
365	2015	2351	2190	2186
366	2023	2357	2197	2193
367	2029	2364	2203	2200
368	2036	2371	2210	2206
369	2042	2381	2216	2213
370	2045	2392	2222	2220
371	2053	2396	2228	2226
372	2058	2401	2234	2233
373	2066	2410	2241	2240
374	2071	2419	2247	2247
375	2077	2428	2254	2253
376	2085	2434	2260	2260
377	2094	2442	2266	2267
378	2099	2450	2272	2274
379	2106	2458	2279	2281
380	2109	2466	2286	2287
381	2119	2470	2293	2294
382	2126	2476	2299	2301
383	2132	2484	2306	2307
384	2137	2491	2312	2314
385	2142	2499	2319	2321
386	2153	2504	2326	2328
387	2160	2511	2333	2334
388	2168	2518	2339	2341
389	2174	2525	2345	2348
390	2180	2533	2352	2355
391	2189	2536	2358	2362
392	2195	2539	2364	2368
393	2202	2544	2371	2374
394	2206	2551	2377	2381
395	2210	2557	2382	2387
396	2218	2562	2389	2394
397	2225	2569	2395	2401
398	2233	2576	2401	2407
399	2240	2584	2408	2414
400	2246	2592	2414	2421
401	2256	2596	2421	2428
402	2265	2601	2427	2434
403	2273	2608	2434	2441
404	2280	2614	2440	2448
405	2285	2621	2447	2454
406	2296	2625	2455	2461
407	2305	2631	2461	2468
408	2312	2635	2468	2475
409	2318	2640	2475	2482
410	2325	2648	2482	2489
411	2335	2651	2490	2496
412	2341	2655	2499	2502
413	2348	2659	2505	2509
414	2356	2665	2510	2516
415	2363	2672	2515	2522
416	2372	2676	2524	2529
417	2381	2680	2530	2536
418	2388	2686	2537	2543
419	2396	2693	2546	2550
420	2403	2700	2555	2558
421	2412	2706	2563	2565
422	2421	2711	2571	2573
423	2428	2717	2580	2581
424	2436	2725	2594	2588
425	2443	2735	2605	2596
426	2456	2741	2614	2604
427	2463	2748	2622	2612
428	2472	2753	2629	2621
429	2480	2761	2637	2629
430	2487	2770	2646	2637
431	2501	2775	2653	2645
432	2510	2781	2660	2653
433	2517	2787	2667	2661
434	2524	2793	2675	2669
435	2530	2802	2683	2677
436	2545	2808	2690	2685
437	2559	2813	2698	2693
438	2568	2818	2706	2702
439	2576	2827	2715	2710
440	2582	2834	2724	2718
441	2597	2839	2731	2726
442	2610	2846	2738	2734
443	2621	2855	2745	2742
444	2633	2863	2752	2750
445	2641	2870	2759	2757
446	2660	2876	2766	2766
447	2678	2882	2774	2774
448	2694	2887	2782	2782
449	2705	2894	2790	2791
450	2714	2902	2798	2799
451	2733	2909	2805	2807
452	2751	2914	2813	2815
453	2763	2921	2820	2823
454	2770	2930	2828	2832
455	2774	2938	2837	2840
456	2782	2946	2845	2848
457	2787	2955	2853	2856
458	2791	2965	2861	2864
459	2794	2979	2869	2873
460	2796	2993	2876	2881
461	2805	3004	2885	2889
462	2812	3016	2893	2898
463	2816	3027	2901	2906
464	2820	3040	2909	2915
465	2824	3056	2918	2923
466	2831	3064	2925	2931
467	2836	3074	2933	2940
468	2842	3085	2942	2948
469	2846	3101	2950	2957
470	2851	3114	2958	2965
471	2859	3121	2966	2973
472	2867	3128	2975	2982
473	2872	3139	2983	2990
474	2877	3151	2992	2998
475	2881	3165	3000	3006
476	2889	3173	3009	3014
477	2897	3182	3016	3022
478	2902	3192	3025	3030
479	2907	3202	3033	3038
480	2911	3213	3041	3046
481	2919	3220	3049	3055
482	2926	3229	3058	3063
483	2931	3240	3066	3071
484	2937	3252	3074	3080
485	2942	3266	3081	3088
486	2950	3273	3089	3096
487	2958	3281	3097	3104
488	2964	3289	3104	3112
489	2970	3299	3113	3120
490	2974	3310	3120	3128
491	2983	3318	3129	3136
492	2991	3326	3137	3144
493	2998	3334	3146	3152
494	3003	3347	3155	3160
495	3009	3358	3164	3169
496	3017	3364	3173	3177
497	3024	3372	3181	3185
498	3030	3381	3188	3194
499	3036	3392	3197	3202
500	3040	3403	3205	3210
501	3049	3411	3213	3218
502	3056	3418	3222	3227
503	3063	3427	3231	3235
504	3069	3435	3239	3243
505	3073	3443	3247	3251
506	3083	3450	3255	3259
507	3091	3459	3264	3267
508	3097	3466	3272	3275
509	3103	3475	3280	3284
510	3110	3486	3288	3292
511	3119	3492	3297	3300
512	3127	3500	3306	3308
513	3133	3511	3314	3316
514	3140	3522	3322	3324
515	3146	3533	3331	3333
516	3154	3540	3339	3341
517	3161	3547	3347	3348
518	3166	3559	3354	3356
519	3173	3568	3363	3364
520	3180	3576	3370	3372
521	3188	3583	3377	3380
522	3195	3592	3385	3388
523	3202	3599	3393	3396
524	3208	3610	3401	3404
525	3214	3620	3408	3412
526	3225	3628	3416	3420
527	3232	3635	3425	3428
528	3240	3642	3433	3436
529	3248	3648	3440	3444
530	3256	3658	3449	3452
531	3262	3664	3458	3461
532	3272	3675	3466	3469
533	3281	3684	3475	3477
534	3287	3695	3483	3486
535	3293	3706	3492	3494
536	3303	3713	3499	3502
537	3311	3721	3507	3511
538	3321	3726	3516	3519
539	3331	3733	3525	3527
540	3339	3742	3533	3535
541	3348	3752	3541	3543
542	3358	3758	3549	3552
543	3365	3766	3558	3560
544	3371	3777	3565	3568
545	3374	3787	3574	3576
546	3388	3792	3582	3584
547	3398	3796	3590	3592
548	3408	3804	3599	3600
549	3415	3811	3607	3608
550	3422	3819	3615	3616
551	3434	3827	3625	3624
552	3442	3836	3633	3632
553	3449	3842	3640	3640
554	3457	3850	3648	3649
555	3463	3860	3656	3657
556	3473	3867	3664	3665
557	3478	3875	3672	3672
558	3486	3885	3680	3680
559	3490	3893	3687	3688
560	3494	3900	3696	3696
561	3502	3906	3703	3704
562	3512	3915	3712	3712
563	3522	3925	3719	3721
564	3529	3934	3727	3729
565	3534	3945	3735	3737
566	3546	3951	3743	3745
567	3559	3956	3752	3753
568	3568	3965	3760	3762
569	3576	3971	3769	3770
570	3584	3981	3778	3778
571	3595	3987	3785	3786
572	3609	3991	3792	3795
573	3617	4000	3800	3803
574	3626	4010	3809	3811
575	3635	4021	3817	3819
576	3643	4029	3826	3827
577	3651	4035	3834	3835
578	3659	4041	3842	3843
579	3668	4049	3850	3851
580	3675	4060	3859	3859
581	3687	4066	3866	3867
582	3698	4073	3875	3875
583	3708	4082	3882	3883
584	3714	4091	3891	3891
585	3721	4099	3899	3899
586	3731	4109	3906	3907
587	3741	4115	3913	3915
588	3750	4120	3921	3923
589	3756	4128	3928	3931
590	3763	4137	3936	3939
591	3774	4145	3944	3947
592	3784	4151	3951	3956
593	3796	4157	3960	3964
594	3804	4164	3969	3972
595	3811	4175	3977	3980
596	3825	4182	3985	3988
597	3836	4192	3994	3997
598	3844	4197	4002	4005
599	3855	4205	4011	4013
600	3863	4215	4019	4021
601	3876	4225	4026	4030
602	3889	4233	4034	4038
603	3899	4237	4042	4046
604	3908	4246	4050	4054
605	3915	4256	4057	4062
606	3931	4267	4064	4071
607	3947	4278	4072	4079
608	3960	4290	4080	4087
609	3972	4298	4087	4095
610	3980	4309	4095	4103
611	3990	4319	4106	4114
612	3997	4330	4118	4124
613	4002	4342	4130	4135
614	4007	4357	4139	4145
615	4011	4371	4148	4155
616	4020	4382	4158	4166
617	4028	4397	4169	4177
618	4034	4407	4180	4188
619	4038	4426	4189	4199
620	4043	4443	4200	4210
621	4053	4454	4211	4221
622	4061	4468	4222	4232
623	4068	4479	4234	4243
624	4075	4496	4243	4254
625	4082	4514	4254	4265
626	4091	4524	4265	4276
627	4101	4534	4276	4286
628	4109	4548	4288	4297
629	4114	4560	4298	4308
630	4122	4581	4307	4318
631	4131	4592	4318	4329
632	4141	4602	4329	4340
633	4146	4618	4339	4351
634	4151	4632	4349	4362
635	4158	4648	4359	4372
636	4168	4658	4370	4383
637	4179	4672	4382	4395
638	4184	4686	4394	4406
639	4190	4703	4406	4417
640	4198	4722	4417	4428
641	4211	4732	4428	4439
642	4221	4740	4439	4450
643	4230	4754	4450	4462
644	4237	4768	4461	4473
645	4244	4784	4472	4484
646	4255	4795	4481	4495
647	4267	4812	4492	4506
648	4274	4831	4503	4516
649	4282	4841	4515	4527
650	4288	4859	4526	4538
651	4297	4870	4537	4549
652	4307	4879	4548	4560
653	4316	4895	4557	4571
654	4324	4910	4567	4582
655	4328	4929	4578	4592
656	4339	4942	4589	4603
657	4348	4953	4601	4614
658	4355	4965	4612	4625
659	4361	4981	4623	4636
660	4369	4994	4633	4647
661	4380	5010	4644	4658
662	4389	5022	4656	4669
663	4399	5034	4668	4680
664	4407	5046	4679	4691
665	4414	5060	4690	4702
666	4428	5071	4701	4713
667	4436	5083	4711	4724
668	4443	5095	4721	4735
669	4450	5110	4731	4746
670	4455	5128	4741	4757
671	4466	5139	4753	4767
672	4475	5153	4764	4778
673	4483	5168	4776	4789
674	4489	5185	4787	4800
675	4496	5203	4798	4811
676	4507	5211	4809	4822
677	4516	5222	4821	4833
678	4523	5234	4831	4844
679	4532	5252	4842	4855
680	4542	5273	4854	4865
681	4554	5283	4865	4876
682	4561	5295	4875	4887
683	4571	5304	4885	4898
684	4577	5322	4895	4908
685	4583	5337	4906	4919
686	4592	5351	4917	4930
687	4599	5364	4928	4940
688	4610	5380	4938	4951
689	4618	5396	4948	4962
690	4627	5404	4959	4973
691	4635	5420	4970	4983
692	4644	5428	4980	4994
693	4654	5438	4991	5005
694	4664	5454	5003	5016
695	4673	5472	5012	5027
696	4683	5485	5024	5038
697	4690	5501	5036	5049
698	4698	5517	5048	5060
699	4706	5522	5058	5071
700	4715	5537	5068	5082
701	4724	5551	5080	5093
702	4732	5566	5092	5104
703	4741	5581	5102	5115
704	4748	5591	5114	5126
705	4753	5604	5125	5137
706	4764	5618	5137	5148
707	4771	5628	5147	5159
708	4777	5643	5156	5170
709	4784	5649	5168	5181
710	4793	5659	5179	5191
711	4806	5668	5188	5202
712	4817	5682	5199	5213
713	4825	5699	5211	5225
714	4836	5714	5222	5236
715	4844	5729	5233	5247
716	4857	5745	5245	5257
717	4869	5754	5256	5268
718	4877	5768	5267	5279
719	4884	5774	5278	5289
720	4889	5789	5290	5300
721	4901	5801	5299	5311
722	4910	5811	5310	5321
723	4916	5823	5319	5332
724	4925	5835	5330	5343
725	4934	5850	5341	5354
726	4943	5863	5352	5364
727	4950	5871	5362	5375
728	4959	5883	5373	5386
729	4963	5894	5386	5397
730	4969	5910	5398	5407
731	4983	5919	5410	5418
732	4994	5928	5419	5429
733	5004	5940	5429	5440
734	5017	5950	5442	5451
735	5027	5967	5451	5462
736	5035	5979	5462	5473
737	5044	5986	5471	5483
738	5052	6001	5483	5494
739	5058	6017	5493	5505
740	5065	6032	5504	5516
741	5078	6039	5516	5527
742	5086	6052	5528	5538
743	5095	6066	5540	5549
744	5103	6078	5551	5559
745	5108	6085	5562	5570
746	5121	6098	5572	5582
747	5132	6113	5583	5593
748	5142	6126	5592	5604
749	5149	6138	5603	5615
750	5160	6149	5612	5627
751	5167	6163	5624	5637
752	5177	6172	5637	5648
753	5189	6180	5650	5658
754	5194	6194	5660	5669
755	5205	6205	5670	5680
756	5219	6215	5681	5691
757	5229	6233	5693	5701
758	5240	6245	5702	5712
759	5249	6252	5712	5723
760	5266	6259	5725	5734
761	5272	6271	5735	5745
762	5280	6284	5747	5756
763	5292	6295	5760	5767
764	5302	6305	5772	5778
765	5312	6321	5784	5789
766	5318	6339	5794	5800
767	5328	6360	5807	5811
768	5334	6375	5817	5822
769	5345	6393	5828	5833
770	5352	6418	5838	5844
771	5362	6423	5850	5855
772	5374	6430	5861	5866
773	5385	6438	5874	5877
774	5395	6447	5886	5888
775	5403	6456	5897	5899
776	5413	6473	5909	5910
777	5423	6484	5919	5920
778	5430	6494	5928	5931
779	5439	6504	5940	5942
780	5449	6518	5949	5953
781	5461	6529	5961	5964
782	5472	6543	5973	5974
783	5481	6557	5983	5985
784	5492	6569	5993	5996
785	5499	6585	6003	6007
786	5514	6596	6013	6018
787	5530	6607	6024	6029
788	5541	6621	6034	6040
789	5549	6635	6044	6050
790	5559	6645	6055	6061
791	5573	6656	6067	6073
792	5580	6667	6078	6084
793	5587	6678	6090	6095
794	5594	6685	6101	6106
795	5605	6702	6113	6117
796	5620	6713	6122	6128
797	5627	6727	6134	6139
798	5633	6739	6143	6150
799	5638	6753	6154	6160
800	5648	6769	6165	6171
801	5656	6780	6176	6182
802	5665	6790	6187	6193
803	5673	6804	6197	6204
804	5678	6817	6208	6215
805	5689	6830	6219	6226
806	5702	6840	6230	6237
807	5711	6856	6243	6248
808	5720	6867	6254	6259
809	5731	6892	6265	6270
810	5740	6902	6277	6280
811	5749	6914	6287	6292
812	5759	6922	6300	6303
813	5772	6934	6310	6314
814	5785	6944	6321	6325
815	5790	6962	6333	6336
816	5797	6975	6346	6347
817	5809	6989	6358	6358
818	5820	7001	6371	6369
819	5832	7012	6383	6380
820	5838	7016	6395	6390
821	5847	7030	6405	6401
822	5855	7039	6413	6411
