depth	min	max	median	mean
45	671	723	683	689
46	679	762	706	710
47	682	823	724	732
48	685	888	741	753
49	687	954	758	774
50	689	1019	776	796
51	702	1037	797	817
52	711	1066	821	838
53	719	1100	843	859
54	725	1136	864	881
55	732	1181	883	902
56	749	1202	904	923
57	760	1225	924	943
58	769	1260	946	964
59	778	1294	968	985
60	786	1332	988	1006
61	805	1350	1008	1026
62	820	1371	1030	1046
63	833	1393	1050	1067
64	841	1422	1071	1087
65	849	1462	1090	1107
66	864	1485	1110	1127
67	881	1515	1130	1147
68	891	1535	1151	1167
69	902	1563	1171	1187
70	911	1597	1190	1206
71	935	1618	1210	1227
72	956	1640	1234	1247
73	969	1658	1255	1268
74	982	1685	1273	1288
75	998	1717	1293	1309
76	1013	1739	1315	1330
77	1032	1767	1337	1351
78	1046	1788	1358	1371
79	1057	1811	1379	1392
80	1070	1845	1400	1413
81	1093	1858	1422	1433
82	1114	1878	1441	1453
83	1130	1904	1461	1473
84	1140	1935	1478	1493
85	1152	1962	1498	1513
86	1174	1980	1519	1533
87	1195	2002	1539	1553
88	1211	2031	1558	1574
89	1221	2060	1581	1594
90	1234	2082	1604	1614
91	1255	2108	1622	1635
92	1270	2126	1644	1656
93	1288	2146	1665	1676
94	1308	2160	1688	1697
95	1321	2184	1707	1718
96	1341	2203	1726	1737
97	1367	2224	1745	1757
98	1387	2241	1765	1777
99	1398	2266	1783	1796
100	1414	2288	1803	1816
101	1442	2315	1824	1838
102	1464	2332	1848	1859
103	1490	2353	1868	1881
104	1505	2377	1890	1902
105	1520	2405	1912	1923
106	1550	2422	1932	1945
107	1572	2451	1954	1966
108	1596	2470	1977	1987
109	1619	2500	1997	2009
110	1637	2548	2017	2030
111	1662	2561	2038	2051
112	1682	2577	2058	2071
113	1699	2596	2079	2092
114	1715	2617	2099	2112
115	1729	2642	2120	2133
116	1758	2661	2139	2154
117	1778	2680	2161	2175
118	1800	2701	2182	2196
119	1814	2723	2204	2217
120	1829	2756	2226	2237
121	1858	2772	2246	2258
122	1880	2790	2266	2279
123	1899	2809	2285	2299
124	1923	2832	2304	2320
125	1938	2862	2327	2341
126	1971	2883	2344	2361
127	1992	2898	2364	2382
128	2018	2916	2383	2402
129	2034	2935	2402	2422
130	2046	2960	2423	2443
131	2082	2983	2444	2463
132	2110	3002	2461	2483
133	2140	3020	2479	2502
134	2162	3041	2500	2522
135	2181	3068	2520	2542
136	2216	3084	2538	2562
137	2242	3094	2558	2582
138	2264	3113	2578	2602
139	2284	3137	2598	2623
140	2295	3158	2618	2643
141	2334	3173	2634	2662
142	2361	3206	2652	2682
143	2382	3228	2670	2701
144	2403	3241	2691	2720
145	2421	3266	2710	2740
146	2453	3291	2740	2772
147	2484	3334	2770	2805
148	2504	3382	2800	2838
149	2528	3436	2831	2870
150	2544	3496	2860	2903
151	2568	3537	2892	2934
152	2593	3581	2923	2966
153	2613	3617	2957	2998
154	2630	3668	2989	3030
155	2647	3726	3023	3062
156	2676	3756	3054	3093
157	2700	3794	3084	3124
158	2722	3836	3115	3155
159	2736	3874	3146	3187
160	2752	3915	3176	3218
161	2786	3957	3208	3251
162	2811	3991	3240	3284
163	2834	4036	3271	3317
164	2856	4080	3304	3350
165	2872	4124	3337	3383
166	2906	4166	3369	3415
167	2937	4204	3398	3447
168	2969	4246	3428	3479
169	2992	4286	3462	3511
170	3009	4338	3495	3543
171	3045	4380	3522	3575
172	3078	4422	3554	3607
173	3101	4461	3588	3639
174	3123	4506	3620	3671
175	3138	4558	3653	3704
176	3174	4599	3680	3736
177	3210	4645	3714	3768
178	3242	4691	3744	3801
179	3267	4731	3772	3833
180	3293	4780	3805	3866
181	3322	4818	3833	3897
182	3356	4867	3866	3929
183	3387	4903	3896	3960
184	3407	4943	3925	3992
185	3432	4996	3959	4024
186	3476	5033	3987	4056
187	3516	5082	4015	4088
188	3551	5126	4048	4121
189	3579	5174	4081	4153
190	3602	5209	4113	4185
191	3682	5254	4177	4246
192	3721	5308	4234	4307
193	3759	5371	4298	4368
194	3784	5440	4360	4429
195	3811	5523	4425	4490
196	3889	5594	4504	4571
197	3941	5668	4589	4651
198	3986	5762	4672	4732
199	4027	5869	4757	4812
200	4052	6000	4837	4893
201	4143	6060	4924	4975
202	4213	6145	5012	5057
203	4271	6234	5106	5140
204	4311	6341	5190	5222
205	4339	6457	5266	5304
206	4437	6519	5354	5388
207	4500	6576	5450	5471
208	4563	6649	5543	5555
209	4613	6735	5632	5638
210	4658	6851	5717	5722
211	4749	6899	5795	5802
212	4830	6959	5874	5882
213	4914	7017	5955	5962
214	4977	7120	6037	6043
215	5030	7217	6117	6123
216	5128	7284	6195	6202
217	5217	7330	6282	6282
218	5295	7384	6361	6361
219	5343	7459	6451	6441
220	5401	7565	6533	6520
221	5550	7604	6613	6604
222	5663	7661	6696	6687
223	5739	7718	6783	6771
224	5810	7794	6871	6854
225	5867	7890	6956	6938
226	6011	7918	7039	7020
227	6133	7954	7122	7103
228	6232	8004	7211	7185
229	6294	8059	7300	7268
230	6352	8148	7389	7350
231	6516	8176	7465	7433
232	6645	8217	7548	7516
233	6750	8265	7638	7598
234	6851	8322	7724	7681
235	6913	8415	7811	7764
236	7142	8443	7879	7849
237	7348	8489	7947	7934
238	7515	8539	8022	8019
239	7660	8590	8099	8104
240	7756	8666	8186	8189
241	7900	8759	8269	8277
242	7986	8870	8351	8365
243	8033	9006	8429	8453
244	8076	9186	8505	8541
245	8103	9431	8580	8629
246	8177	9515	8669	8718
247	8235	9624	8766	8808
248	8269	9782	8851	8898
249	8304	9947	8936	8987
250	8335	10141	9016	9077
251	8426	10221	9112	9167
252	8487	10319	9203	9257
253	8538	10426	9295	9347
254	8587	10568	9385	9437
255	8623	10721	9473	9527
256	8705	10791	9561	9613
257	8769	10859	9657	9698
258	8829	10975	9754	9784
259	8858	11071	9843	9870
260	8898	11211	9928	9956
261	8989	11266	10017	10043
262	9060	11328	10108	10131
263	9116	11410	10201	10219
264	9160	11518	10290	10306
265	9192	11653	10382	10394
266	9296	11704	10466	10483
267	9374	11778	10563	10572
268	9477	11855	10663	10661
269	9527	11952	10768	10749
270	9588	12059	10857	10838
271	9680	12111	10946	10926
272	9755	12166	11038	11013
273	9809	12241	11131	11100
274	9858	12330	11226	11187
275	9904	12454	11311	11274
276	9993	12489	11394	11360
277	10094	12540	11487	11446
278	10169	12598	11578	11531
279	10233	12674	11674	11617
280	10288	12774	11758	11703
281	10392	12814	11858	11792
282	10503	12876	11957	11881
283	10584	12938	12051	11970
284	10636	13016	12143	12059
285	10697	13116	12239	12148
286	10812	13158	12326	12236
287	10873	13199	12424	12323
288	10928	13255	12517	12410
289	11000	13319	12609	12497
290	11058	13409	12702	12584
291	11175	13446	12791	12675
292	11229	13487	12887	12766
293	11308	13530	12985	12857
294	11362	13596	13087	12948
295	11418	13681	13184	13039
