10.2
11.25
12.25
13
13.5
14.5
15.5
16
16.5
17
17.5
18
18.5
19
19.5
20
21.5
22.5
23
23.5
24
24.8
26
26.5
28
28.5
29.5
30.5
31.5
32.5
33
33.5
34.5
35.5
36.5
37
37.5
38
38.25
38.5
39
39.5
40
40.5
41
41.5
42.5
43
43.5
44
44.25
44.5
44.75
45
45.25
45.5
45.75
46
46.5
47.5
48.5
49.5
50.5
51.5
52.5
53.5
54
54.5
55
55.5
56.5
57.5
58.5
59.5
60.5
61.5
62.5
63.5
64.5
65.5
66.5
67.5
68.5
69.5
70.5
71.5
72.5
73.5
74.5
75.5
76.5
77.5
78.5
79.5
80.5
81.5
82.5
83.5
84
84.5
85
85.5
86
86.5
87
87.5
88
88.5
89
89.5
90
90.5
91.5
92.5
93.5
94.5
95.5
96.5
97.5
98.5
99.5
100.5
101.5
102.5
103.5
104.5
106.5
107.5
108.5
109.5
110.5
111.5
112.5
113
113.5
114
114.5
115.5
116.5
117.5
118.5
119.5
120.5
121.5
122.5
123.5
124.5
125
125.5
126.5
127.5
128.5
129.5
130.5
131.5
132.5
133.5
134.5
135.5
136.5
137
137.5
138.5
139.5
140
140.5
141
141.5
142
142.6
143
143.5
144.5
145.5
146.5
147.5
148.5
149.5
150.5
151.5
152.5
153.5
154.5
155.5
156.5
157.5
158
158.5
159
159.5
160
160.5
161
161.5
162
162.5
163
163.5
164.5
165.5
168.5
169.5
170.5
171.5
172.5
173.5
174.5
175.5
176.5
177.5
178.5
179.5
181.5
182.5
183.5
184.5
185.5
