11
21
31
42
52
62
72
86
99
103
111
121
132
142
149
153
157
164
174
186
192
197
203
210
217
224
229
234
240
248
258
268
275
281
286
290
293
297
303
308
314
319
323
327
331
335
339
342
343
346
347
350
351
353
355
358
360
364
366
368
370
373
374
377
378
381
386
391
397
402
407
414
421
426
432
438
444
450
455
460
466
473
480
486
493
501
508
513
517
521
526
530
534
538
543
547
552
552
554
556
558
560
562
564
567
569
571
574
576
578
580
581
586
590
594
598
602
606
610
614
618
622
626
630
633
637
641
645
650
656
660
664
670
675
680
683
686
688
691
694
697
700
703
706
709
710
712
713
714
717
719
722
724
726
729
731
734
736
738
741
743
746
748
750
753
755
758
760
762
763
764
765
766
767
768
769
770
771
772
773
774
775
776
777
778
779
780
781
782
783
784
785
786
787
788
789
790
791
792
793
794
795
796
797
798
799
800
