depth	min	max	median	mean
40	5700	6537	6151	6134
41	5702	6539	6153	6137
42	5705	6541	6155	6139
43	5707	6542	6158	6141
44	5709	6542	6160	6143
45	5711	6543	6162	6145
46	5714	6544	6164	6147
47	5716	6544	6166	6150
48	5720	6546	6167	6152
49	5723	6548	6169	6154
50	5726	6551	6171	6156
51	5728	6553	6172	6158
52	5729	6554	6174	6161
53	5732	6557	6176	6163
54	5735	6560	6177	6165
55	5736	6561	6179	6167
56	5737	6562	6181	6169
57	5740	6564	6183	6171
58	5743	6565	6186	6174
59	5745	6569	6188	6176
60	5746	6572	6190	6178
61	5748	6573	6191	6180
62	5751	6574	6194	6182
63	5753	6576	6196	6185
64	5754	6578	6198	6187
65	5756	6578	6200	6189
66	5758	6580	6202	6191
67	5760	6581	6205	6193
68	5762	6584	6207	6196
69	5765	6586	6210	6198
70	5766	6587	6212	6200
71	5768	6588	6214	6202
72	5770	6590	6215	6204
73	5773	6593	6218	6207
74	5774	6595	6219	6209
75	5777	6596	6221	6211
76	5779	6599	6223	6213
77	5783	6601	6225	6215
78	5785	6602	6228	6218
79	5787	6604	6230	6220
80	5789	6606	6232	6222
81	5791	6608	6234	6224
82	5794	6611	6237	6226
83	5797	6613	6239	6228
84	5800	6616	6241	6230
85	5802	6620	6243	6233
86	5805	6623	6245	6235
87	5808	6625	6248	6237
88	5810	6626	6250	6239
89	5812	6628	6252	6241
90	5815	6631	6255	6243
91	5816	6633	6256	6245
92	5820	6635	6259	6247
93	5822	6637	6261	6249
94	5824	6638	6262	6251
95	5826	6640	6264	6253
96	5829	6642	6266	6256
97	5830	6643	6269	6258
98	5831	6644	6271	6260
99	5833	6648	6273	6262
100	5834	6649	6276	6264
101	5837	6651	6278	6266
102	5841	6652	6280	6268
103	5842	6654	6282	6270
104	5847	6654	6285	6272
105	5852	6655	6288	6274
106	5854	6656	6289	6277
107	5856	6659	6292	6279
108	5860	6659	6293	6281
109	5862	6661	6296	6283
110	5865	6662	6298	6285
111	5868	6663	6300	6287
112	5869	6664	6302	6289
113	5871	6667	6303	6291
114	5873	6671	6305	6293
115	5875	6672	6307	6295
116	5876	6673	6310	6298
117	5878	6675	6312	6300
118	5883	6677	6314	6302
119	5885	6680	6316	6304
120	5886	6683	6319	6306
121	5890	6686	6321	6308
122	5892	6689	6323	6310
123	5893	6692	6325	6312
124	5895	6694	6327	6315
125	5899	6696	6330	6317
126	5903	6698	6331	6319
127	5906	6699	6333	6321
128	5909	6702	6336	6323
129	5912	6702	6337	6325
130	5916	6704	6339	6328
131	5919	6707	6341	6330
132	5922	6707	6343	6332
133	5923	6709	6346	6334
134	5927	6710	6348	6336
135	5930	6711	6351	6339
136	5930	6712	6353	6341
137	5931	6714	6354	6343
138	5935	6717	6356	6345
139	5936	6719	6358	6347
140	5937	6723	6361	6349
141	5938	6724	6363	6351
142	5944	6725	6366	6354
143	5946	6726	6367	6356
144	5948	6727	6369	6358
145	5949	6728	6371	6360
146	5953	6730	6373	6362
147	5954	6733	6376	6364
148	5955	6734	6378	6366
149	5959	6736	6380	6368
150	5960	6737	6382	6371
151	5962	6739	6384	6373
152	5965	6742	6386	6375
153	5966	6744	6388	6377
154	5970	6746	6390	6379
155	5974	6748	6392	6381
156	5974	6750	6394	6383
157	5975	6752	6396	6385
158	5975	6755	6399	6387
159	5978	6757	6401	6390
160	5983	6758	6403	6392
161	5985	6760	6405	6394
162	5988	6762	6407	6396
163	5991	6763	6409	6398
164	5994	6763	6411	6400
165	5997	6765	6413	6402
166	6003	6766	6415	6404
167	6005	6769	6417	6407
168	6009	6771	6419	6409
169	6012	6773	6421	6411
170	6013	6777	6423	6413
171	6016	6779	6424	6415
172	6017	6780	6426	6417
173	6019	6782	6428	6419
174	6022	6784	6430	6421
175	6025	6786	6432	6424
176	6025	6787	6434	6426
177	6026	6788	6437	6428
178	6028	6791	6438	6430
179	6030	6794	6441	6432
180	6032	6796	6442	6434
181	6035	6798	6444	6436
182	6040	6800	6446	6438
183	6044	6802	6448	6441
184	6047	6804	6450	6443
185	6050	6806	6452	6445
186	6053	6806	6454	6447
187	6055	6809	6456	6449
188	6057	6809	6458	6451
189	6059	6813	6461	6453
190	6061	6815	6462	6455
191	6063	6817	6464	6458
192	6065	6820	6466	6460
193	6068	6823	6468	6462
194	6072	6826	6470	6464
195	6074	6829	6473	6466
196	6078	6831	6475	6468
197	6082	6833	6477	6470
198	6083	6837	6479	6473
199	6084	6838	6482	6475
200	6088	6841	6485	6477
201	6091	6842	6486	6479
202	6093	6843	6489	6481
203	6095	6845	6492	6483
204	6098	6846	6493	6485
205	6103	6848	6495	6488
206	6107	6849	6497	6490
207	6111	6851	6499	6492
208	6112	6853	6501	6494
209	6115	6855	6503	6496
210	6118	6856	6505	6498
211	6122	6858	6507	6500
212	6125	6860	6509	6503
213	6128	6861	6512	6505
214	6129	6861	6514	6507
215	6130	6863	6516	6509
216	6133	6866	6519	6511
217	6134	6867	6520	6513
218	6135	6869	6523	6515
219	6139	6871	6526	6518
220	6140	6872	6528	6520
221	6145	6874	6530	6522
222	6149	6875	6532	6524
223	6153	6876	6534	6526
224	6155	6878	6536	6529
225	6158	6880	6538	6531
226	6159	6882	6540	6533
227	6162	6883	6543	6535
228	6164	6885	6545	6538
229	6167	6886	6548	6540
230	6170	6888	6550	6542
231	6174	6889	6552	6544
232	6177	6891	6555	6547
233	6179	6892	6557	6549
234	6181	6894	6559	6551
235	6183	6896	6561	6553
236	6185	6897	6564	6556
237	6188	6899	6565	6558
238	6192	6899	6567	6560
239	6192	6902	6569	6562
240	6193	6904	6571	6565
241	6196	6906	6573	6567
242	6200	6907	6576	6569
243	6202	6908	6578	6571
244	6207	6910	6580	6573
245	6209	6913	6582	6575
246	6213	6914	6584	6577
247	6215	6916	6586	6579
248	6216	6919	6588	6582
249	6218	6919	6590	6584
250	6221	6920	6592	6586
251	6224	6922	6594	6588
252	6227	6925	6596	6590
253	6231	6929	6598	6592
254	6234	6933	6600	6594
255	6236	6935	6603	6596
256	6240	6936	6604	6598
257	6243	6937	6606	6601
258	6244	6939	6608	6603
259	6247	6941	6610	6605
260	6248	6942	6612	6607
261	6252	6944	6614	6609
262	6257	6947	6616	6611
263	6260	6949	6618	6614
264	6262	6950	6620	6616
265	6267	6951	6623	6618
266	6269	6953	6625	6620
267	6273	6954	6627	6622
268	6278	6956	6630	6625
269	6281	6958	6632	6627
270	6286	6959	6635	6629
271	6288	6961	6638	6631
272	6291	6967	6640	6633
273	6293	6967	6642	6636
274	6295	6969	6644	6638
275	6297	6970	6647	6640
276	6298	6973	6649	6642
277	6300	6976	6651	6644
278	6303	6979	6652	6646
279	6304	6981	6655	6649
280	6308	6984	6657	6651
281	6310	6985	6659	6653
282	6313	6986	6661	6655
283	6317	6988	6663	6657
284	6321	6990	6664	6659
285	6323	6991	6666	6662
286	6327	6993	6668	6664
287	6329	6995	6670	6666
288	6333	6997	6672	6668
289	6337	6998	6676	6670
290	6339	7000	6677	6672
291	6343	7001	6680	6674
292	6344	7002	6681	6677
293	6346	7004	6683	6679
294	6349	7006	6686	6681
295	6352	7008	6688	6683
296	6353	7011	6691	6685
297	6355	7014	6693	6687
298	6356	7016	6695	6689
299	6359	7020	6697	6692
300	6361	7023	6699	6694
301	6363	7026	6701	6696
302	6366	7027	6702	6698
303	6369	7028	6704	6700
304	6373	7032	6706	6703
305	6374	7037	6709	6705
306	6377	7039	6712	6707
307	6380	7041	6714	6709
308	6384	7042	6717	6711
309	6387	7044	6719	6714
310	6388	7045	6720	6716
311	6391	7047	6723	6718
312	6394	7048	6725	6720
313	6394	7048	6727	6722
314	6397	7051	6730	6725
315	6400	7053	6732	6727
316	6402	7054	6734	6729
317	6405	7058	6736	6731
318	6408	7060	6738	6733
319	6410	7063	6740	6736
320	6411	7064	6743	6738
321	6413	7065	6744	6740
322	6416	7066	6746	6742
323	6419	7068	6749	6744
324	6421	7070	6751	6746
325	6423	7071	6752	6748
326	6426	7072	6754	6750
327	6427	7074	6756	6753
328	6429	7075	6758	6755
329	6432	7077	6759	6757
330	6435	7078	6762	6759
331	6435	7082	6764	6761
332	6438	7083	6766	6763
333	6441	7086	6768	6765
334	6443	7087	6770	6767
335	6445	7089	6772	6770
336	6446	7092	6774	6772
337	6448	7093	6776	6774
338	6450	7094	6778	6776
339	6451	7095	6780	6778
340	6451	7096	6782	6780
341	6454	7099	6784	6782
342	6457	7100	6786	6784
343	6459	7103	6788	6786
344	6462	7105	6790	6789
345	6466	7106	6792	6791
346	6469	7107	6794	6793
347	6473	7107	6796	6795
348	6475	7109	6799	6797
349	6480	7111	6802	6799
350	6482	7113	6804	6801
351	6484	7116	6806	6804
352	6485	7117	6809	6806
353	6487	7119	6811	6808
354	6489	7120	6813	6810
355	6490	7122	6815	6812
356	6493	7124	6818	6814
357	6494	7125	6820	6816
358	6495	7127	6822	6818
359	6498	7129	6823	6821
360	6501	7131	6826	6823
361	6505	7132	6828	6825
362	6508	7133	6830	6827
363	6513	7135	6832	6829
364	6514	7137	6834	6831
365	6520	7139	6835	6833
366	6522	7140	6837	6835
367	6525	7142	6839	6838
368	6527	7144	6841	6840
369	6530	7145	6843	6842
370	6534	7146	6845	6844
371	6538	7149	6847	6846
372	6541	7152	6850	6848
373	6543	7153	6852	6850
374	6546	7155	6854	6852
375	6547	7158	6856	6855
376	6549	7160	6858	6857
377	6551	7162	6860	6859
378	6554	7166	6862	6861
379	6557	7167	6863	6863
380	6560	7169	6866	6865
381	6562	7171	6868	6867
382	6563	7173	6870	6870
383	6566	7174	6872	6872
384	6568	7176	6875	6874
385	6571	7177	6877	6876
386	6573	7178	6880	6878
387	6577	7180	6882	6880
388	6580	7181	6884	6882
389	6585	7184	6887	6885
390	6588	7185	6888	6887
391	6591	7187	6889	6889
392	6592	7189	6891	6891
393	6595	7190	6894	6893
394	6599	7191	6896	6895
395	6601	7192	6898	6898
396	6604	7193	6901	6900
397	6606	7195	6903	6902
398	6611	7197	6905	6904
399	6613	7198	6907	6906
400	6617	7201	6909	6908
401	6619	7203	6911	6910
402	6622	7205	6913	6913
403	6624	7207	6915	6915
404	6628	7208	6918	6917
405	6630	7212	6920	6919
406	6631	7215	6922	6921
407	6634	7217	6924	6923
408	6638	7218	6927	6925
409	6640	7218	6929	6927
410	6643	7221	6931	6930
411	6646	7225	6933	6932
412	6650	7228	6935	6934
413	6652	7230	6938	6936
414	6652	7233	6940	6938
415	6656	7235	6942	6940
416	6659	7238	6945	6942
417	6660	7239	6947	6944
418	6661	7240	6949	6946
419	6662	7242	6951	6949
420	6665	7243	6952	6951
421	6668	7244	6955	6953
422	6672	7244	6956	6955
423	6675	7246	6958	6957
424	6678	7247	6960	6959
425	6680	7248	6962	6961
426	6682	7249	6965	6963
427	6685	7250	6967	6966
428	6687	7252	6969	6968
429	6690	7252	6970	6970
430	6692	7253	6973	6972
431	6695	7255	6974	6974
432	6699	7258	6977	6976
433	6702	7259	6979	6978
434	6704	7262	6981	6980
435	6707	7265	6982	6983
436	6710	7267	6984	6985
437	6711	7270	6986	6987
438	6712	7272	6987	6989
439	6714	7274	6988	6991
440	6716	7275	6990	6993
441	6720	7279	6993	6995
442	6724	7279	6995	6998
443	6726	7280	6997	7000
444	6729	7281	6999	7002
445	6735	7282	7001	7004
446	6737	7283	7003	7006
447	6739	7286	7005	7008
448	6741	7290	7007	7010
449	6743	7293	7010	7013
450	6747	7294	7012	7015
451	6750	7296	7014	7017
452	6752	7298	7016	7019
453	6755	7299	7018	7021
454	6758	7299	7020	7023
455	6761	7300	7023	7025
456	6763	7301	7026	7028
457	6766	7303	7028	7030
458	6769	7304	7030	7032
459	6772	7306	7033	7034
460	6775	7308	7034	7036
461	6778	7310	7037	7038
462	6780	7312	7038	7040
463	6782	7314	7040	7043
464	6785	7315	7042	7045
465	6789	7319	7044	7047
466	6793	7321	7046	7049
467	6797	7323	7048	7051
468	6800	7325	7050	7054
469	6802	7325	7052	7056
470	6803	7330	7054	7058
471	6807	7332	7056	7060
472	6810	7335	7058	7062
473	6812	7337	7060	7065
474	6815	7338	7062	7067
475	6819	7339	7065	7069
476	6821	7341	7067	7071
477	6823	7343	7070	7073
478	6824	7343	7072	7076
479	6826	7347	7074	7078
480	6828	7349	7076	7080
481	6832	7351	7078	7082
482	6835	7353	7080	7084
483	6840	7354	7082	7086
484	6841	7356	7084	7088
485	6845	7358	7086	7091
486	6847	7361	7088	7093
487	6850	7363	7090	7095
488	6852	7368	7092	7097
489	6855	7370	7094	7099
490	6857	7372	7096	7101
491	6860	7374	7098	7103
492	6864	7376	7101	7106
493	6866	7378	7102	7108
494	6867	7379	7104	7110
495	6868	7380	7106	7112
496	6872	7381	7108	7114
497	6875	7382	7110	7116
498	6877	7382	7112	7118
499	6880	7386	7115	7121
500	6885	7388	7117	7123
501	6887	7390	7119	7125
502	6890	7392	7121	7127
503	6894	7394	7123	7129
504	6898	7396	7125	7131
505	6902	7398	7127	7133
506	6906	7398	7129	7135
507	6908	7399	7131	7138
508	6911	7400	7133	7140
509	6914	7401	7136	7142
510	6916	7401	7138	7144
511	6918	7402	7140	7146
512	6921	7403	7142	7148
513	6924	7406	7145	7150
514	6926	7406	7147	7152
515	6928	7411	7150	7155
516	6930	7414	7152	7157
517	6933	7414	7154	7159
518	6934	7416	7155	7161
519	6936	7419	7158	7163
520	6938	7420	7160	7165
521	6940	7421	7162	7167
522	6943	7422	7164	7170
523	6945	7425	7166	7172
524	6948	7426	7168	7174
525	6952	7429	7170	7176
526	6953	7431	7171	7178
527	6956	7432	7174	7181
528	6958	7435	7176	7183
529	6961	7438	7178	7185
530	6964	7441	7180	7187
531	6965	7442	7182	7189
532	6968	7442	7183	7192
533	6970	7444	7185	7194
534	6972	7446	7188	7196
535	6974	7449	7190	7198
536	6976	7451	7192	7200
537	6979	7453	7194	7203
538	6981	7455	7197	7205
539	6983	7458	7199	7207
540	6986	7460	7201	7209
541	6989	7461	7203	7211
542	6993	7465	7205	7213
543	6995	7467	7207	7216
544	6998	7470	7209	7218
545	7002	7472	7211	7220
546	7003	7473	7213	7222
547	7007	7475	7215	7224
548	7010	7477	7216	7226
549	7012	7477	7218	7229
550	7014	7478	7220	7231
551	7015	7482	7222	7233
552	7018	7483	7224	7235
553	7020	7486	7226	7237
554	7023	7487	7227	7240
555	7025	7490	7230	7242
556	7026	7490	7232	7244
557	7027	7494	7234	7246
558	7029	7496	7236	7248
559	7031	7497	7238	7250
560	7034	7498	7239	7253
561	7040	7500	7242	7255
562	7045	7504	7244	7258
563	7050	7509	7246	7260
564	7054	7513	7248	7262
565	7061	7513	7250	7265
566	7063	7515	7253	7267
567	7066	7520	7255	7270
568	7069	7527	7257	7272
569	7072	7527	7259	7275
570	7074	7528	7261	7277
571	7077	7529	7263	7280
572	7080	7530	7266	7282
573	7082	7531	7268	7285
574	7084	7533	7271	7287
575	7085	7535	7274	7290
576	7087	7535	7277	7292
577	7089	7535	7279	7295
578	7092	7538	7282	7297
579	7096	7539	7285	7300
580	7099	7544	7288	7302
581	7103	7545	7290	7305
582	7106	7546	7293	7307
583	7109	7549	7296	7310
584	7111	7553	7298	7313
585	7112	7555	7301	7315
586	7116	7557	7304	7318
587	7120	7558	7307	7321
588	7123	7562	7309	7323
589	7124	7568	7312	7326
590	7126	7569	7314	7329
591	7129	7571	7318	7331
592	7131	7578	7321	7334
593	7132	7582	7323	7336
594	7133	7585	7326	7339
595	7135	7587	7329	7342
596	7135	7591	7332	7344
597	7137	7592	7334	7347
598	7139	7596	7337	7350
599	7141	7599	7339	7352
600	7143	7604	7342	7355
601	7144	7607	7345	7358
602	7146	7609	7347	7360
603	7148	7613	7350	7363
604	7152	7616	7353	7366
605	7156	7617	7355	7369
606	7159	7620	7358	7371
607	7161	7622	7361	7374
608	7165	7626	7364	7377
609	7167	7630	7367	7380
610	7169	7634	7371	7382
611	7171	7640	7374	7385
612	7172	7644	7376	7388
613	7175	7649	7379	7391
614	7178	7654	7382	7393
615	7181	7658	7385	7396
616	7184	7662	7388	7399
617	7186	7670	7391	7402
618	7188	7677	7394	7404
619	7192	7684	7397	7407
620	7193	7686	7400	7410
621	7194	7688	7403	7413
622	7196	7690	7406	7415
623	7199	7692	7408	7418
624	7203	7694	7411	7421
625	7204	7697	7414	7424
626	7207	7700	7416	7427
627	7209	7701	7419	7429
628	7211	7704	7422	7432
629	7213	7707	7424	7435
630	7215	7708	7427	7438
631	7217	7712	7430	7440
632	7220	7714	7432	7443
633	7222	7719	7435	7446
634	7224	7722	7437	7449
635	7224	7724	7440	7451
636	7225	7727	7443	7454
637	7226	7730	7445	7457
638	7227	7732	7448	7460
639	7228	7735	7451	7462
640	7228	7738	7454	7465
641	7231	7739	7456	7468
642	7234	7740	7459	7470
643	7236	7745	7461	7473
644	7239	7747	7464	7475
645	7242	7750	7466	7478
646	7244	7753	7469	7480
647	7247	7756	7471	7483
648	7248	7759	7474	7485
649	7250	7762	7477	7488
650	7252	7764	7480	7490
651	7255	7766	7483	7493
652	7257	7770	7485	7496
653	7260	7774	7487	7498
654	7263	7776	7491	7501
655	7265	7780	7493	7503
656	7267	7784	7495	7506
657	7268	7789	7498	7508
658	7273	7793	7501	7511
659	7275	7796	7503	7513
660	7279	7798	7506	7516
661	7282	7802	7508	7518
662	7283	7805	7511	7521
663	7285	7806	7513	7523
664	7286	7809	7515	7525
665	7287	7810	7518	7528
666	7288	7813	7520	7530
667	7290	7816	7522	7533
668	7293	7817	7524	7535
669	7295	7820	7527	7537
670	7296	7821	7530	7540
671	7298	7823	7532	7542
672	7299	7826	7535	7544
673	7301	7828	7537	7547
674	7302	7829	7540	7549
675	7304	7832	7542	7552
676	7305	7836	7545	7554
677	7307	7838	7548	7556
678	7309	7842	7550	7559
679	7311	7844	7552	7561
680	7312	7847	7554	7564
681	7314	7851	7557	7566
682	7316	7853	7559	7568
683	7319	7856	7562	7571
684	7321	7859	7564	7573
685	7323	7861	7567	7576
686	7328	7862	7570	7578
687	7330	7864	7573	7581
688	7332	7865	7575	7583
689	7332	7867	7577	7586
690	7334	7871	7580	7588
691	7337	7873	7582	7591
692	7338	7877	7585	7593
693	7341	7881	7587	7595
694	7343	7884	7589	7598
695	7347	7886	7592	7600
696	7349	7891	7594	7603
697	7351	7892	7596	7605
698	7353	7894	7599	7608
699	7354	7898	7602	7610
700	7356	7904	7605	7613
701	7360	7905	7608	7615
702	7364	7905	7610	7617
703	7366	7905	7613	7620
704	7370	7909	7615	7622
705	7373	7912	7618	7625
706	7375	7913	7620	7627
707	7377	7914	7622	7630
708	7379	7918	7624	7632
709	7381	7921	7627	7634
710	7383	7925	7629	7637
711	7386	7927	7632	7639
712	7388	7929	7635	7642
713	7389	7932	7637	7644
714	7392	7934	7640	7646
715	7393	7935	7642	7649
716	7395	7937	7645	7651
717	7397	7940	7648	7654
718	7400	7943	7651	7656
719	7401	7946	7653	7659
720	7403	7950	7656	7661
721	7404	7954	7658	7663
722	7408	7957	7660	7666
723	7412	7959	7663	7668
724	7414	7963	7665	7670
725	7416	7967	7667	7673
726	7417	7969	7670	7675
727	7420	7971	7672	7677
728	7422	7973	7673	7680
729	7424	7975	7676	7682
730	7425	7977	7678	7684
731	7428	7979	7680	7687
732	7430	7981	7682	7689
733	7431	7984	7684	7691
734	7432	7986	7687	7694
735	7433	7989	7690	7696
736	7433	7992	7692	7698
737	7434	7996	7695	7701
738	7435	7998	7697	7703
739	7438	8002	7699	7705
740	7441	8004	7702	7708
741	7443	8006	7704	7710
742	7448	8009	7707	7712
743	7451	8012	7709	7715
744	7452	8016	7712	7717
745	7454	8018	7715	7720
746	7457	8019	7718	7722
747	7460	8020	7720	7725
748	7461	8024	7722	7727
749	7464	8027	7724	7729
750	7466	8027	7726	7732
751	7469	8030	7728	7734
752	7473	8032	7731	7737
753	7474	8035	7733	7739
754	7476	8038	7736	7742
755	7477	8040	7738	7744
756	7478	8042	7741	7746
757	7480	8047	7743	7749
758	7481	8050	7745	7751
759	7485	8053	7748	7754
760	7486	8055	7751	7756
761	7489	8058	7753	7759
762	7491	8059	7756	7761
763	7493	8061	7758	7763
764	7496	8063	7761	7766
765	7497	8066	7763	7768
766	7499	8069	7766	7771
767	7501	8073	7768	7773
768	7502	8074	7770	7775
769	7506	8078	7772	7778
770	7511	8080	7775	7780
771	7513	8083	7777	7783
772	7514	8085	7779	7785
773	7516	8087	7782	7788
774	7518	8089	7784	7790
775	7521	8093	7787	7792
776	7524	8095	7789	7795
777	7526	8097	7792	7797
778	7528	8101	7794	7800
779	7529	8103	7797	7802
780	7534	8106	7800	7804
781	7535	8109	7802	7807
782	7537	8113	7804	7809
783	7538	8117	7806	7812
784	7541	8119	7809	7814
785	7543	8121	7811	7816
786	7546	8123	7814	7819
787	7548	8125	7816	7821
788	7551	8126	7819	7824
789	7552	8129	7821	7826
790	7554	8132	7823	7828
791	7557	8135	7826	7831
792	7558	8137	7828	7833
793	7560	8139	7830	7835
794	7563	8141	7833	7838
795	7564	8146	7835	7840
796	7566	8147	7838	7843
797	7568	8150	7841	7845
798	7570	8155	7843	7847
799	7571	8158	7846	7850
800	7572	8160	7848	7852
801	7574	8162	7851	7854
802	7579	8164	7853	7857
803	7581	8166	7855	7859
804	7583	8168	7857	7862
805	7585	8170	7859	7864
806	7588	8171	7861	7866
807	7590	8172	7864	7869
808	7591	8173	7866	7871
809	7592	8175	7868	7873
810	7594	8178	7871	7876
811	7595	8180	7873	7878
812	7597	8182	7875	7880
813	7599	8185	7879	7883
814	7603	8188	7881	7885
815	7606	8192	7883	7888
816	7609	8193	7886	7890
817	7609	8196	7888	7892
818	7611	8198	7890	7895
819	7613	8202	7893	7897
820	7614	8206	7895	7899
821	7620	8208	7897	7902
822	7624	8209	7900	7904
823	7627	8211	7902	7907
824	7630	8213	7904	7909
825	7631	8214	7907	7912
826	7634	8217	7909	7914
827	7635	8218	7911	7917
828	7636	8222	7914	7919
829	7638	8225	7916	7921
830	7639	8228	7919	7924
831	7641	8231	7922	7926
832	7644	8233	7924	7929
833	7645	8236	7927	7931
834	7648	8239	7929	7934
835	7652	8242	7931	7936
836	7654	8246	7934	7939
837	7656	8248	7936	7941
838	7657	8250	7938	7944
839	7660	8252	7940	7946
840	7662	8255	7942	7948
841	7665	8258	7945	7951
842	7668	8263	7948	7953
843	7671	8263	7951	7956
844	7674	8264	7954	7958
845	7676	8265	7956	7961
846	7676	8268	7959	7963
847	7678	8271	7961	7966
848	7681	8274	7963	7968
849	7684	8279	7966	7971
850	7688	8282	7968	7973
851	7689	8286	7970	7976
852	7692	8290	7973	7978
853	7695	8294	7976	7980
854	7698	8298	7978	7983
855	7700	8301	7981	7985
856	7700	8303	7983	7988
857	7701	8304	7985	7990
858	7704	8307	7988	7993
859	7706	8309	7990	7995
860	7710	8311	7993	7998
861	7710	8315	7996	8000
862	7713	8317	7998	8002
863	7717	8320	8000	8005
864	7718	8322	8002	8007
865	7722	8324	8004	8010
866	7726	8325	8006	8012
867	7730	8326	8009	8014
868	7732	8328	8010	8017
869	7735	8331	8013	8019
870	7737	8332	8015	8022
871	7740	8333	8017	8024
872	7741	8335	8020	8026
873	7744	8336	8023	8029
874	7746	8338	8025	8031
875	7747	8340	8027	8034
876	7749	8341	8030	8036
877	7751	8344	8032	8038
878	7753	8347	8035	8041
879	7755	8350	8038	8043
880	7758	8352	8040	8045
881	7759	8354	8043	8048
882	7762	8356	8045	8050
883	7765	8357	8047	8053
884	7768	8359	8049	8055
885	7771	8360	8052	8058
886	7774	8361	8055	8060
887	7777	8363	8058	8063
888	7778	8365	8061	8065
889	7782	8368	8063	8068
890	7784	8371	8066	8070
891	7787	8374	8069	8072
892	7790	8376	8071	8075
893	7793	8376	8074	8077
894	7795	8379	8077	8080
895	7796	8382	8079	8082
896	7799	8385	8082	8085
897	7801	8387	8085	8087
898	7802	8390	8088	8090
899	7805	8393	8090	8092
900	7807	8395	8092	8095
901	7810	8398	8094	8097
902	7811	8398	8097	8099
903	7813	8400	8099	8102
904	7817	8403	8101	8104
905	7819	8407	8104	8106
906	7821	8409	8107	8109
907	7824	8411	8110	8111
908	7826	8415	8112	8114
909	7829	8419	8115	8116
910	7830	8423	8117	8118
911	7832	8424	8119	8121
912	7835	8425	8122	8123
913	7837	8428	8125	8125
914	7839	8431	8127	8128
915	7841	8434	8129	8130
916	7843	8439	8131	8133
917	7845	8441	8134	8135
918	7846	8444	8136	8137
919	7849	8447	8138	8140
920	7850	8450	8140	8142
921	7853	8452	8143	8144
922	7855	8453	8146	8147
923	7858	8454	8148	8149
924	7861	8456	8152	8152
925	7863	8457	8154	8154
926	7866	8460	8157	8157
927	7867	8464	8159	8159
928	7870	8466	8161	8161
929	7872	8469	8164	8164
930	7875	8472	8167	8166
931	7878	8473	8169	8169
932	7879	8477	8172	8171
933	7880	8481	8175	8173
934	7881	8484	8177	8176
935	7882	8487	8179	8178
936	7885	8490	8181	8181
937	7886	8495	8183	8183
938	7887	8498	8186	8186
939	7888	8501	8188	8188
940	7888	8503	8190	8190
941	7892	8506	8194	8193
942	7896	8508	8196	8195
943	7901	8510	8199	8198
944	7904	8512	8202	8200
945	7906	8514	8205	8202
946	7908	8517	8207	8205
947	7911	8520	8210	8207
948	7912	8523	8213	8210
949	7915	8526	8215	8212
950	7918	8529	8218	8215
951	7921	8531	8220	8217
952	7925	8535	8222	8219
953	7926	8539	8225	8222
954	7928	8541	8227	8224
955	7930	8544	8230	8227
956	7933	8548	8231	8229
957	7935	8550	8234	8231
958	7937	8552	8237	8234
959	7938	8555	8239	8236
960	7940	8557	8242	8239
961	7945	8559	8243	8241
962	7948	8561	8246	8243
963	7950	8565	8249	8246
964	7951	8569	8251	8248
965	7955	8571	8254	8250
966	7960	8572	8256	8253
967	7964	8574	8259	8255
968	7966	8575	8261	8257
969	7968	8578	8264	8260
970	7970	8580	8266	8262
971	7971	8583	8268	8264
972	7973	8584	8270	8267
973	7973	8586	8272	8269
974	7974	8587	8275	8271
975	7977	8590	8277	8274
976	7979	8591	8280	8276
977	7979	8593	8283	8278
978	7980	8595	8285	8281
979	7980	8598	8288	8283
980	7983	8600	8290	8286
981	7984	8601	8293	8288
982	7988	8603	8295	8290
983	7992	8606	8298	8293
984	7995	8607	8300	8295
985	7998	8609	8302	8298
986	8001	8612	8305	8300
987	8002	8615	8307	8302
988	8004	8619	8310	8305
989	8005	8621	8313	8307
990	8006	8623	8316	8310
991	8008	8626	8318	8312
992	8011	8629	8320	8314
993	8012	8631	8324	8317
994	8014	8633	8326	8319
995	8015	8636	8328	8322
996	8019	8639	8331	8324
997	8020	8641	8333	8326
998	8021	8644	8336	8329
999	8024	8647	8339	8331
1000	8024	8649	8341	8334
1001	8026	8651	8344	8336
1002	8027	8653	8346	8338
1003	8028	8657	8349	8341
1004	8030	8658	8351	8343
1005	8033	8659	8354	8345
1006	8035	8662	8356	8348
1007	8037	8667	8359	8350
1008	8039	8668	8362	8353
1009	8040	8669	8365	8355
1010	8041	8671	8368	8357
1011	8043	8674	8371	8360
1012	8046	8677	8375	8362
1013	8048	8678	8377	8364
1014	8049	8679	8380	8367
1015	8051	8684	8383	8369
1016	8053	8687	8386	8371
1017	8054	8690	8389	8374
1018	8055	8692	8391	8376
1019	8057	8693	8393	8379
1020	8057	8696	8396	8381
1021	8060	8697	8398	8383
1022	8061	8698	8399	8385
1023	8063	8700	8401	8386
1024	8066	8704	8403	8388
1025	8067	8706	8405	8390
1026	8069	8710	8407	8392
1027	8072	8712	8408	8394
1028	8073	8713	8410	8396
1029	8075	8715	8412	8398
1030	8077	8719	8414	8399
1031	8079	8721	8416	8401
1032	8081	8725	8418	8403
1033	8083	8730	8419	8405
1034	8087	8733	8420	8407
1035	8089	8736	8421	8409
1036	8092	8737	8422	8411
1037	8093	8738	8423	8412
1038	8094	8740	8425	8414
1039	8097	8741	8426	8416
1040	8098	8745	8428	8418
1041	8101	8748	8429	8420
1042	8103	8750	8430	8421
1043	8105	8752	8432	8423
1044	8106	8754	8434	8425
1045	8108	8755	8435	8426
1046	8109	8759	8437	8428
1047	8112	8760	8438	8430
1048	8115	8762	8440	8431
1049	8116	8763	8441	8433
1050	8118	8765	8442	8435
1051	8120	8766	8444	8436
1052	8122	8767	8445	8438
1053	8124	8769	8446	8440
1054	8126	8771	8447	8441
1055	8127	8772	8449	8443
1056	8129	8774	8450	8445
1057	8130	8775	8451	8446
1058	8132	8777	8453	8448
1059	8133	8778	8454	8450
1060	8135	8781	8455	8451
1061	8136	8784	8457	8453
1062	8138	8787	8459	8455
1063	8140	8791	8460	8457
1064	8142	8793	8461	8458
1065	8144	8797	8463	8460
1066	8146	8798	8465	8462
1067	8148	8799	8466	8463
1068	8150	8799	8468	8465
1069	8152	8800	8469	8467
1070	8155	8802	8471	8469
1071	8158	8802	8472	8470
1072	8160	8803	8474	8472
1073	8161	8806	8475	8474
1074	8163	8809	8477	8475
1075	8164	8812	8479	8477
1076	8166	8812	8480	8479
1077	8169	8813	8482	8481
1078	8172	8815	8483	8482
1079	8175	8818	8485	8484
1080	8178	8818	8486	8486
1081	8181	8821	8487	8487
1082	8183	8823	8489	8489
1083	8185	8825	8490	8491
1084	8186	8825	8492	8493
1085	8188	8826	8493	8494
1086	8190	8827	8495	8496
1087	8192	8829	8496	8498
1088	8195	8833	8498	8500
1089	8197	8835	8500	8501
1090	8199	8837	8501	8503
1091	8201	8839	8502	8505
1092	8202	8843	8504	8507
1093	8203	8844	8506	8508
1094	8206	8846	8507	8510
1095	8210	8849	8509	8512
1096	8211	8850	8510	8514
1097	8212	8853	8511	8515
1098	8214	8856	8512	8517
1099	8216	8858	8514	8519
1100	8218	8859	8515	8521
1101	8219	8861	8517	8522
1102	8220	8861	8518	8524
1103	8221	8863	8520	8526
1104	8222	8864	8521	8527
1105	8223	8865	8523	8529
1106	8225	8866	8525	8531
1107	8227	8868	8526	8533
1108	8229	8870	8528	8534
1109	8231	8873	8529	8536
1110	8232	8874	8530	8538
1111	8233	8877	8532	8540
1112	8235	8880	8534	8541
1113	8236	8882	8535	8543
1114	8238	8885	8537	8545
1115	8239	8888	8538	8547
1116	8241	8890	8540	8548
1117	8243	8891	8541	8550
1118	8245	8893	8543	8552
1119	8247	8896	8544	8554
1120	8250	8899	8546	8555
1121	8252	8900	8547	8557
1122	8254	8904	8549	8559
1123	8256	8905	8550	8561
1124	8260	8906	8553	8562
1125	8261	8908	8555	8564
1126	8263	8908	8556	8566
1127	8265	8910	8558	8568
1128	8267	8911	8560	8569
1129	8268	8913	8561	8571
1130	8271	8915	8563	8573
1131	8273	8917	8565	8575
1132	8275	8919	8566	8576
1133	8277	8920	8568	8578
1134	8279	8922	8569	8580
1135	8281	8924	8571	8582
1136	8284	8926	8572	8583
1137	8285	8928	8574	8585
1138	8286	8932	8576	8587
1139	8287	8933	8577	8589
1140	8288	8936	8579	8590
1141	8291	8938	8581	8592
1142	8292	8941	8583	8594
1143	8294	8943	8585	8596
1144	8295	8946	8586	8597
1145	8295	8948	8588	8599
1146	8297	8950	8590	8601
1147	8299	8952	8592	8603
1148	8301	8953	8593	8604
1149	8303	8956	8595	8606
1150	8306	8959	8597	8608
1151	8307	8960	8598	8610
1152	8308	8962	8600	8611
1153	8309	8964	8602	8613
1154	8312	8966	8603	8615
1155	8315	8967	8605	8617
1156	8317	8968	8607	8618
1157	8319	8971	8608	8620
1158	8319	8973	8610	8622
1159	8322	8974	8611	8624
1160	8324	8977	8613	8625
1161	8326	8979	8615	8627
1162	8329	8982	8616	8629
1163	8331	8983	8618	8631
1164	8333	8984	8620	8632
1165	8334	8986	8621	8634
1166	8335	8988	8622	8636
1167	8337	8992	8624	8638
1168	8339	8992	8626	8639
1169	8340	8995	8627	8641
1170	8341	8996	8629	8643
1171	8343	8999	8630	8645
1172	8344	9000	8632	8646
1173	8346	9003	8634	8648
1174	8349	9004	8635	8650
1175	8351	9006	8637	8652
1176	8353	9007	8639	8653
1177	8354	9009	8640	8655
1178	8356	9010	8642	8657
1179	8357	9013	8644	8659
1180	8358	9016	8646	8660
1181	8360	9018	8648	8662
1182	8361	9020	8649	8664
1183	8364	9023	8651	8666
1184	8366	9025	8652	8667
1185	8366	9027	8654	8669
1186	8368	9028	8656	8671
1187	8369	9030	8658	8672
1188	8370	9032	8659	8674
1189	8371	9034	8661	8676
1190	8375	9036	8663	8678
1191	8376	9038	8664	8679
1192	8377	9040	8666	8681
1193	8378	9044	8667	8683
1194	8381	9044	8669	8685
1195	8382	9047	8671	8686
1196	8382	9050	8672	8688
1197	8383	9051	8675	8690
1198	8383	9053	8676	8691
1199	8385	9055	8677	8693
1200	8387	9057	8679	8695
1201	8390	9060	8680	8697
1202	8392	9062	8682	8698
1203	8394	9064	8684	8700
1204	8396	9066	8686	8702
1205	8398	9070	8688	8704
1206	8399	9073	8690	8706
1207	8401	9076	8692	8707
1208	8404	9079	8694	8709
1209	8406	9083	8696	8711
1210	8407	9086	8698	8713
1211	8409	9090	8700	8715
1212	8410	9093	8702	8716
1213	8411	9096	8704	8718
1214	8413	9100	8706	8720
1215	8415	9103	8708	8722
1216	8416	9105	8710	8724
1217	8417	9109	8712	8725
1218	8420	9111	8713	8727
1219	8421	9115	8715	8729
1220	8425	9117	8716	8731
1221	8425	9118	8718	8733
1222	8427	9121	8720	8734
1223	8428	9124	8721	8736
1224	8431	9126	8722	8738
1225	8432	9127	8724	8740
1226	8434	9129	8726	8741
1227	8436	9131	8727	8743
1228	8437	9132	8729	8745
1229	8440	9134	8731	8747
1230	8441	9137	8732	8748
1231	8445	9138	8734	8750
1232	8446	9140	8736	8752
1233	8446	9142	8737	8754
1234	8448	9143	8739	8755
1235	8450	9144	8741	8757
1236	8452	9145	8742	8759
1237	8453	9146	8744	8761
1238	8454	9149	8746	8762
1239	8456	9151	8748	8764
1240	8457	9153	8749	8766
1241	8460	9156	8751	8768
1242	8461	9157	8752	8770
1243	8463	9158	8755	8771
1244	8464	9161	8757	8773
1245	8467	9163	8759	8775
1246	8469	9166	8760	8777
1247	8470	9168	8762	8778
1248	8470	9171	8764	8780
1249	8473	9171	8765	8782
1250	8475	9172	8767	8784
1251	8477	9173	8769	8785
1252	8479	9176	8771	8787
1253	8480	9178	8772	8789
1254	8481	9180	8774	8791
1255	8484	9183	8775	8792
1256	8486	9186	8777	8794
1257	8489	9189	8778	8796
1258	8489	9193	8780	8798
1259	8490	9196	8781	8799
1260	8492	9198	8783	8801
1261	8493	9201	8786	8803
1262	8493	9205	8787	8805
1263	8495	9209	8789	8806
1264	8495	9210	8791	8808
1265	8496	9211	8793	8810
1266	8496	9212	8795	8812
1267	8498	9214	8796	8813
1268	8499	9215	8797	8815
1269	8499	9216	8799	8817
1270	8500	9220	8801	8819
1271	8503	9223	8802	8820
1272	8505	9225	8804	8822
1273	8508	9228	8806	8824
1274	8508	9230	8809	8826
1275	8510	9231	8811	8827
1276	8513	9233	8812	8829
1277	8516	9234	8814	8831
1278	8518	9235	8816	8833
1279	8518	9236	8818	8834
1280	8520	9238	8820	8836
1281	8523	9241	8821	8838
1282	8524	9244	8823	8840
1283	8527	9245	8825	8841
1284	8527	9247	8827	8843
1285	8530	9247	8829	8845
1286	8530	9248	8831	8847
1287	8531	9249	8833	8848
1288	8534	9249	8835	8850
1289	8536	9250	8836	8852
1290	8537	9252	8838	8854
1291	8538	9253	8840	8856
1292	8539	9257	8842	8857
1293	8540	9258	8843	8859
1294	8541	9261	8845	8861
1295	8543	9266	8847	8863
1296	8545	9268	8849	8864
1297	8547	9269	8850	8866
1298	8549	9270	8852	8868
1299	8552	9271	8854	8870
1300	8552	9274	8855	8872
1301	8554	9276	8858	8873
1302	8555	9278	8860	8875
1303	8555	9280	8861	8877
1304	8556	9283	8863	8879
1305	8556	9285	8864	8880
1306	8557	9287	8866	8882
1307	8557	9288	8868	8884
1308	8557	9289	8870	8886
1309	8558	9292	8871	8887
1310	8560	9296	8873	8889
1311	8562	9298	8874	8891
1312	8563	9300	8876	8893
1313	8565	9302	8878	8894
1314	8567	9304	8880	8896
1315	8568	9306	8881	8898
1316	8570	9307	8883	8900
1317	8571	9309	8885	8901
1318	8572	9310	8886	8903
1319	8575	9314	8889	8905
1320	8576	9317	8890	8907
1321	8578	9319	8892	8908
1322	8580	9321	8894	8910
1323	8582	9322	8895	8912
1324	8583	9325	8897	8914
1325	8585	9327	8898	8915
1326	8587	9329	8900	8917
1327	8589	9330	8903	8919
1328	8591	9334	8905	8920
1329	8594	9337	8906	8922
1330	8596	9339	8909	8924
1331	8598	9340	8911	8926
1332	8599	9344	8913	8927
1333	8601	9346	8915	8929
1334	8601	9348	8917	8931
1335	8601	9349	8918	8932
1336	8602	9351	8919	8934
1337	8603	9353	8921	8936
1338	8605	9355	8923	8937
1339	8606	9357	8925	8939
1340	8608	9359	8927	8941
1341	8609	9360	8929	8943
1342	8611	9362	8931	8944
1343	8611	9363	8934	8946
1344	8613	9365	8935	8948
1345	8615	9367	8936	8950
1346	8617	9368	8938	8951
1347	8619	9370	8940	8953
1348	8622	9372	8942	8955
1349	8625	9374	8943	8957
1350	8627	9375	8945	8959
1351	8629	9376	8948	8960
1352	8630	9378	8949	8962
1353	8631	9380	8951	8964
1354	8634	9381	8954	8966
1355	8635	9386	8955	8967
1356	8635	9389	8957	8969
1357	8638	9390	8959	8971
1358	8639	9392	8961	8973
1359	8640	9395	8963	8975
1360	8640	9396	8965	8976
1361	8642	9397	8967	8978
1362	8644	9398	8968	8980
1363	8648	9402	8970	8981
1364	8649	9404	8971	8983
1365	8650	9405	8972	8985
1366	8652	9408	8974	8987
1367	8654	9409	8975	8988
1368	8656	9410	8976	8990
1369	8658	9412	8977	8992
1370	8661	9414	8979	8994
1371	8663	9416	8982	8995
1372	8664	9418	8984	8997
1373	8667	9420	8986	8999
1374	8668	9421	8988	9000
1375	8669	9422	8990	9002
1376	8671	9426	8992	9004
1377	8672	9426	8993	9006
1378	8675	9427	8995	9007
1379	8676	9428	8997	9009
1380	8677	9430	8998	9011
1381	8679	9433	9000	9013
1382	8680	9436	9001	9014
1383	8681	9440	9003	9016
1384	8684	9441	9004	9018
1385	8686	9444	9006	9019
1386	8686	9447	9008	9021
1387	8688	9450	9009	9023
1388	8691	9453	9010	9024
1389	8692	9456	9012	9026
1390	8695	9458	9014	9028
1391	8697	9462	9016	9030
1392	8698	9464	9017	9031
1393	8699	9464	9019	9033
1394	8700	9465	9020	9035
1395	8702	9468	9023	9036
1396	8704	9472	9024	9038
1397	8707	9473	9026	9040
1398	8708	9476	9028	9042
1399	8711	9477	9029	9043
1400	8712	9477	9031	9045
1401	8714	9478	9032	9047
1402	8716	9479	9034	9049
1403	8718	9482	9036	9050
1404	8720	9484	9037	9052
1405	8722	9486	9039	9054
1406	8724	9489	9041	9056
1407	8725	9493	9043	9057
1408	8726	9496	9044	9059
1409	8727	9498	9046	9061
1410	8731	9501	9047	9063
1411	8731	9503	9049	9065
1412	8731	9504	9051	9066
1413	8733	9505	9053	9068
1414	8736	9508	9055	9070
1415	8738	9510	9057	9072
1416	8741	9513	9059	9073
1417	8741	9515	9060	9075
1418	8744	9516	9063	9077
1419	8747	9516	9065	9079
1420	8747	9517	9066	9080
1421	8749	9521	9068	9082
1422	8751	9522	9070	9084
1423	8752	9523	9071	9086
1424	8754	9524	9073	9087
1425	8755	9525	9074	9089
1426	8756	9526	9076	9091
1427	8759	9528	9078	9093
1428	8762	9529	9079	9094
1429	8762	9532	9081	9096
1430	8763	9536	9083	9098
1431	8764	9538	9085	9100
1432	8764	9543	9087	9101
1433	8765	9545	9089	9103
1434	8767	9545	9091	9105
1435	8769	9546	9092	9107
1436	8771	9547	9094	9108
1437	8772	9550	9095	9110
1438	8773	9554	9096	9112
1439	8775	9558	9098	9114
1440	8776	9560	9099	9115
1441	8776	9561	9101	9117
1442	8777	9563	9103	9119
1443	8778	9565	9104	9121
1444	8780	9567	9106	9122
1445	8783	9569	9108	9124
1446	8785	9571	9109	9126
1447	8787	9573	9111	9128
1448	8788	9574	9113	9129
1449	8789	9575	9115	9131
1450	8790	9575	9116	9133
1451	8791	9578	9118	9135
1452	8794	9583	9120	9136
1453	8794	9585	9122	9138
1454	8797	9587	9123	9140
1455	8798	9589	9126	9142
1456	8798	9591	9128	9143
1457	8799	9595	9130	9145
1458	8799	9596	9132	9147
1459	8800	9598	9133	9149
1460	8802	9601	9134	9151
1461	8804	9604	9136	9152
1462	8805	9605	9138	9154
1463	8808	9606	9140	9156
1464	8809	9607	9142	9158
1465	8810	9609	9143	9159
1466	8812	9613	9144	9161
1467	8815	9615	9146	9163
1468	8818	9616	9147	9165
1469	8820	9618	9149	9166
1470	8821	9619	9150	9168
1471	8822	9619	9152	9170
1472	8824	9622	9154	9172
1473	8825	9623	9156	9173
1474	8827	9625	9158	9175
1475	8829	9626	9160	9177
1476	8830	9628	9162	9178
1477	8831	9630	9163	9180
1478	8833	9633	9165	9182
1479	8834	9635	9167	9184
1480	8836	9638	9169	9185
1481	8838	9639	9170	9187
1482	8839	9641	9172	9189
1483	8840	9643	9174	9191
1484	8842	9646	9176	9193
1485	8845	9646	9177	9194
1486	8846	9649	9179	9196
1487	8848	9653	9181	9198
1488	8850	9656	9182	9200
1489	8853	9657	9184	9201
1490	8854	9661	9185	9203
1491	8855	9664	9188	9205
1492	8857	9666	9189	9207
1493	8859	9669	9190	9208
1494	8860	9671	9192	9210
1495	8862	9675	9194	9212
1496	8863	9679	9195	9214
1497	8864	9683	9196	9215
1498	8866	9686	9198	9217
1499	8867	9690	9199	9219
1500	8868	9691	9201	9221
1501	8871	9693	9203	9222
1502	8873	9698	9205	9224
1503	8874	9698	9206	9226
1504	8876	9699	9208	9228
1505	8878	9700	9210	9229
1506	8881	9702	9211	9231
1507	8882	9703	9214	9233
1508	8883	9704	9216	9235
1509	8884	9705	9217	9236
1510	8885	9706	9218	9238
1511	8886	9707	9220	9240
1512	8887	9711	9222	9242
1513	8888	9713	9225	9243
1514	8893	9715	9226	9245
1515	8895	9717	9228	9247
1516	8896	9718	9230	9249
1517	8896	9720	9232	9251
1518	8897	9720	9234	9252
1519	8899	9721	9236	9254
1520	8901	9721	9237	9256
1521	8902	9725	9239	9258
1522	8906	9727	9241	9259
1523	8907	9729	9242	9261
1524	8908	9730	9243	9263
1525	8911	9732	9245	9265
1526	8911	9734	9246	9266
1527	8912	9737	9248	9268
1528	8914	9740	9250	9270
1529	8917	9741	9251	9272
1530	8919	9742	9253	9273
1531	8920	9743	9255	9275
1532	8921	9745	9257	9277
1533	8923	9748	9259	9279
1534	8923	9751	9260	9280
1535	8926	9753	9261	9282
1536	8927	9757	9263	9284
1537	8928	9759	9264	9286
1538	8929	9761	9266	9287
1539	8929	9762	9268	9289
1540	8931	9764	9270	9291
1541	8934	9765	9272	9293
1542	8935	9766	9274	9294
1543	8936	9767	9276	9296
1544	8940	9771	9278	9298
1545	8941	9775	9279	9300
1546	8942	9777	9281	9302
1547	8942	9777	9283	9303
1548	8944	9780	9285	9305
1549	8946	9781	9287	9307
1550	8948	9783	9288	9309
1551	8951	9785	9289	9310
1552	8951	9786	9290	9312
1553	8953	9788	9292	9314
1554	8955	9790	9294	9316
1555	8956	9792	9296	9318
1556	8956	9794	9298	9319
1557	8959	9796	9300	9321
1558	8960	9799	9302	9323
1559	8961	9802	9304	9325
1560	8962	9803	9306	9326
1561	8963	9807	9307	9328
1562	8965	9812	9309	9330
1563	8966	9812	9312	9332
1564	8967	9813	9314	9333
1565	8970	9813	9315	9335
1566	8970	9814	9317	9337
1567	8972	9814	9319	9339
1568	8973	9817	9319	9341
1569	8975	9821	9321	9342
1570	8976	9822	9323	9344
1571	8977	9825	9325	9346
1572	8978	9829	9327	9348
1573	8980	9831	9329	9349
1574	8982	9835	9331	9351
1575	8984	9838	9332	9353
1576	8987	9838	9334	9355
1577	8988	9840	9336	9357
1578	8989	9842	9337	9358
1579	8990	9846	9340	9360
1580	8991	9850	9341	9362
1581	8992	9852	9342	9364
1582	8994	9855	9345	9365
1583	8995	9857	9346	9367
1584	8997	9858	9348	9369
1585	8999	9861	9350	9371
1586	9000	9863	9352	9372
1587	9002	9866	9353	9374
1588	9004	9867	9355	9376
1589	9006	9868	9357	9378
1590	9008	9870	9358	9379
1591	9010	9871	9360	9381
1592	9011	9872	9361	9383
1593	9012	9872	9363	9385
1594	9013	9873	9365	9386
1595	9014	9876	9367	9388
1596	9016	9877	9369	9390
1597	9017	9878	9371	9392
1598	9019	9879	9372	9394
1599	9021	9883	9374	9395
1600	9022	9886	9376	9397
1601	9024	9888	9377	9399
1602	9027	9889	9379	9400
1603	9029	9892	9381	9402
1604	9031	9895	9383	9404
1605	9033	9897	9384	9406
1606	9034	9900	9386	9407
1607	9035	9900	9388	9409
1608	9036	9900	9389	9411
1609	9038	9900	9391	9413
1610	9039	9904	9392	9414
1611	9041	9907	9394	9416
1612	9042	9910	9396	9418
1613	9043	9911	9397	9420
1614	9046	9914	9399	9421
1615	9048	9916	9401	9423
1616	9050	9918	9402	9425
1617	9051	9921	9404	9427
1618	9052	9924	9406	9428
1619	9055	9925	9408	9430
1620	9057	9927	9409	9432
1621	9058	9928	9411	9434
1622	9059	9931	9413	9435
1623	9060	9933	9415	9437
1624	9061	9934	9417	9439
1625	9062	9936	9419	9441
1626	9065	9938	9420	9442
1627	9066	9940	9422	9444
1628	9068	9943	9424	9446
1629	9069	9945	9425	9448
1630	9071	9947	9427	9449
1631	9073	9949	9429	9451
1632	9075	9951	9432	9453
1633	9077	9951	9434	9455
1634	9078	9954	9435	9457
1635	9079	9955	9436	9458
1636	9080	9959	9438	9460
1637	9081	9963	9440	9462
1638	9082	9966	9441	9464
1639	9084	9968	9443	9465
1640	9085	9970	9445	9467
1641	9088	9972	9446	9469
1642	9090	9975	9448	9471
1643	9092	9978	9450	9472
1644	9095	9980	9451	9474
1645	9097	9981	9452	9476
1646	9099	9983	9454	9477
1647	9101	9984	9456	9479
1648	9102	9985	9457	9481
1649	9105	9987	9460	9483
1650	9106	9990	9461	9484
1651	9107	9993	9463	9486
1652	9111	9996	9465	9488
1653	9111	10000	9466	9490
1654	9114	10002	9467	9491
1655	9116	10004	9469	9493
1656	9116	10006	9471	9495
1657	9116	10009	9473	9497
1658	9120	10012	9474	9498
1659	9124	10016	9476	9500
1660	9124	10018	9477	9502
1661	9125	10019	9479	9503
1662	9128	10020	9481	9505
1663	9129	10021	9482	9507
1664	9132	10022	9484	9509
1665	9134	10024	9485	9510
1666	9135	10025	9487	9512
1667	9135	10027	9489	9514
1668	9136	10029	9490	9516
1669	9138	10031	9492	9517
1670	9139	10032	9494	9519
1671	9139	10034	9496	9521
1672	9141	10036	9498	9523
1673	9142	10038	9500	9524
1674	9143	10040	9502	9526
1675	9143	10042	9504	9528
1676	9144	10044	9506	9530
1677	9145	10046	9507	9531
1678	9147	10049	9509	9533
1679	9150	10051	9511	9535
1680	9151	10053	9513	9537
1681	9153	10057	9515	9538
1682	9154	10061	9516	9540
1683	9157	10063	9518	9542
1684	9160	10065	9520	9544
1685	9161	10067	9523	9545
1686	9163	10068	9524	9547
1687	9165	10073	9526	9549
1688	9166	10074	9528	9551
1689	9167	10076	9530	9553
1690	9168	10078	9532	9554
1691	9169	10079	9533	9556
1692	9171	10081	9535	9558
1693	9172	10083	9536	9560
1694	9174	10085	9538	9561
1695	9176	10088	9539	9563
1696	9178	10090	9541	9565
1697	9178	10090	9543	9567
1698	9178	10091	9544	9568
1699	9179	10093	9546	9570
1700	9181	10095	9548	9572
1701	9183	10099	9549	9574
1702	9185	10104	9551	9575
1703	9187	10106	9553	9577
1704	9189	10106	9555	9579
1705	9190	10108	9557	9581
1706	9192	10112	9558	9582
1707	9193	10115	9560	9584
1708	9196	10117	9562	9586
1709	9198	10118	9564	9588
1710	9199	10120	9565	9589
1711	9200	10121	9567	9591
1712	9202	10121	9568	9593
1713	9204	10123	9571	9595
1714	9205	10124	9573	9596
1715	9206	10126	9574	9598
1716	9207	10127	9575	9600
1717	9208	10130	9577	9601
1718	9210	10131	9578	9603
1719	9211	10135	9580	9605
1720	9211	10136	9581	9607
1721	9212	10138	9583	9608
1722	9213	10140	9585	9610
1723	9214	10142	9587	9612
1724	9214	10145	9589	9614
1725	9217	10146	9591	9615
1726	9219	10148	9593	9617
1727	9220	10148	9595	9619
1728	9222	10150	9596	9621
1729	9223	10152	9598	9622
1730	9224	10155	9599	9624
1731	9226	10157	9602	9626
1732	9227	10158	9604	9627
1733	9228	10160	9606	9629
1734	9230	10161	9607	9631
1735	9231	10162	9608	9633
1736	9233	10166	9611	9634
1737	9236	10167	9612	9636
1738	9238	10169	9613	9638
1739	9239	10172	9615	9640
1740	9240	10174	9617	9641
1741	9241	10176	9618	9643
1742	9243	10179	9621	9645
1743	9246	10180	9623	9647
1744	9250	10181	9624	9648
1745	9253	10183	9626	9650
1746	9256	10185	9628	9652
1747	9257	10186	9629	9654
1748	9258	10187	9631	9655
1749	9260	10189	9633	9657
1750	9261	10193	9634	9659
1751	9262	10196	9636	9661
1752	9264	10198	9637	9662
1753	9266	10201	9639	9664
1754	9269	10203	9641	9666
1755	9270	10205	9643	9668
1756	9271	10206	9645	9669
1757	9271	10208	9647	9671
1758	9272	10210	9649	9673
1759	9273	10212	9650	9675
1760	9276	10215	9652	9676
1761	9277	10216	9655	9678
1762	9279	10218	9657	9680
1763	9280	10219	9658	9681
1764	9282	10221	9659	9683
1765	9283	10222	9661	9685
1766	9287	10224	9662	9687
1767	9289	10226	9664	9688
1768	9292	10228	9667	9690
1769	9292	10231	9668	9692
1770	9294	10233	9670	9693
1771	9294	10235	9672	9695
1772	9296	10237	9674	9697
1773	9297	10239	9676	9699
1774	9299	10241	9678	9700
1775	9300	10245	9680	9702
1776	9302	10246	9681	9704
1777	9304	10250	9683	9705
1778	9306	10251	9685	9707
1779	9307	10254	9687	9709
1780	9309	10256	9688	9711
1781	9311	10257	9689	9712
1782	9312	10258	9691	9714
1783	9313	10259	9693	9716
1784	9313	10260	9694	9717
1785	9314	10261	9696	9719
1786	9317	10264	9698	9721
1787	9317	10265	9700	9723
1788	9319	10268	9702	9724
1789	9321	10269	9703	9726
1790	9323	10270	9705	9728
1791	9325	10270	9707	9729
1792	9328	10271	9708	9731
1793	9330	10273	9710	9733
1794	9333	10274	9711	9735
1795	9334	10277	9712	9736
1796	9334	10278	9714	9738
1797	9335	10279	9715	9740
1798	9337	10283	9717	9741
1799	9338	10287	9719	9743
1800	9340	10290	9720	9745
1801	9341	10291	9722	9747
1802	9344	10293	9723	9748
1803	9344	10295	9725	9750
1804	9345	10296	9726	9752
1805	9345	10297	9727	9754
1806	9348	10299	9729	9755
1807	9350	10304	9731	9757
1808	9352	10305	9732	9759
1809	9353	10307	9734	9761
1810	9354	10308	9735	9762
1811	9357	10312	9737	9764
1812	9358	10315	9738	9766
1813	9360	10317	9740	9768
1814	9362	10318	9743	9769
1815	9363	10320	9745	9771
1816	9364	10321	9747	9773
1817	9367	10323	9748	9775
1818	9368	10326	9750	9776
1819	9369	10330	9752	9778
1820	9371	10334	9753	9780
1821	9373	10335	9755	9782
1822	9377	10336	9757	9784
1823	9379	10337	9758	9785
1824	9381	10339	9761	9787
1825	9382	10340	9764	9789
1826	9383	10341	9766	9791
1827	9385	10342	9768	9792
1828	9387	10344	9771	9794
1829	9388	10347	9773	9796
1830	9391	10349	9775	9798
1831	9393	10353	9777	9800
1832	9395	10354	9778	9801
1833	9396	10356	9780	9803
1834	9398	10359	9782	9805
1835	9399	10360	9783	9807
1836	9401	10363	9785	9808
1837	9403	10364	9787	9810
1838	9404	10366	9789	9812
1839	9406	10368	9791	9814
1840	9407	10373	9793	9816
1841	9409	10375	9795	9817
1842	9410	10377	9797	9819
1843	9411	10378	9799	9821
1844	9414	10379	9801	9823
1845	9414	10381	9803	9825
1846	9417	10382	9805	9826
1847	9418	10383	9806	9828
1848	9419	10385	9808	9830
1849	9421	10388	9810	9832
1850	9423	10390	9811	9834
1851	9426	10393	9813	9835
1852	9428	10395	9814	9837
1853	9428	10398	9816	9839
1854	9429	10400	9818	9841
1855	9431	10402	9819	9842
1856	9432	10403	9821	9844
1857	9434	10407	9822	9846
1858	9435	10408	9824	9848
1859	9437	10411	9825	9850
1860	9439	10412	9827	9851
1861	9441	10414	9828	9853
1862	9442	10416	9830	9855
1863	9443	10417	9832	9857
1864	9445	10420	9834	9858
1865	9448	10421	9836	9860
1866	9450	10423	9838	9862
1867	9453	10426	9840	9864
1868	9454	10429	9841	9865
1869	9457	10430	9843	9867
1870	9457	10431	9845	9869
1871	9458	10433	9846	9871
1872	9459	10436	9848	9872
1873	9462	10440	9850	9874
1874	9465	10441	9852	9876
1875	9467	10442	9853	9878
1876	9470	10443	9855	9879
1877	9470	10444	9857	9881
1878	9471	10446	9859	9883
1879	9473	10448	9862	9885
1880	9474	10450	9863	9886
1881	9474	10452	9865	9888
1882	9475	10453	9866	9890
1883	9476	10456	9868	9892
1884	9477	10459	9870	9893
1885	9479	10462	9872	9895
1886	9482	10464	9874	9897
1887	9483	10466	9875	9899
1888	9485	10468	9876	9900
1889	9486	10470	9879	9902
1890	9486	10470	9880	9904
1891	9489	10472	9882	9906
1892	9491	10474	9883	9907
1893	9492	10476	9886	9909
1894	9493	10477	9887	9911
1895	9495	10479	9888	9913
1896	9495	10481	9890	9914
1897	9496	10483	9892	9916
1898	9496	10485	9894	9918
1899	9499	10490	9896	9920
1900	9500	10491	9897	9921
1901	9503	10493	9899	9923
1902	9505	10494	9901	9925
1903	9507	10496	9903	9927
1904	9509	10498	9904	9928
1905	9510	10499	9906	9930
1906	9513	10499	9908	9932
1907	9515	10501	9909	9934
1908	9517	10502	9911	9935
1909	9519	10508	9913	9937
1910	9521	10510	9914	9939
1911	9523	10511	9916	9941
1912	9525	10512	9918	9943
1913	9527	10515	9919	9944
1914	9528	10517	9921	9946
1915	9530	10520	9922	9948
1916	9530	10520	9924	9950
1917	9532	10524	9926	9951
1918	9532	10527	9927	9953
1919	9534	10528	9928	9955
1920	9535	10530	9930	9957
1921	9538	10534	9932	9959
1922	9538	10538	9934	9960
1923	9539	10541	9936	9962
1924	9540	10543	9938	9964
1925	9543	10544	9940	9966
1926	9544	10547	9943	9967
1927	9545	10548	9945	9969
1928	9546	10550	9947	9971
1929	9547	10552	9949	9973
1930	9551	10554	9950	9974
1931	9553	10557	9952	9976
1932	9554	10559	9954	9978
1933	9555	10560	9956	9980
1934	9556	10561	9958	9981
1935	9557	10565	9959	9983
1936	9558	10566	9961	9985
1937	9560	10569	9962	9987
1938	9562	10571	9964	9988
1939	9563	10572	9966	9990
1940	9564	10572	9967	9992
1941	9566	10578	9969	9994
1942	9568	10581	9971	9995
1943	9570	10581	9973	9997
1944	9572	10583	9975	9999
1945	9573	10586	9976	10000
1946	9576	10586	9978	10002
1947	9577	10587	9981	10004
1948	9577	10589	9982	10005
1949	9578	10592	9983	10007
1950	9579	10593	9984	10009
1951	9583	10593	9986	10010
1952	9585	10595	9987	10012
1953	9587	10597	9989	10014
1954	9588	10598	9990	10016
1955	9588	10600	9992	10017
1956	9589	10605	9993	10019
1957	9591	10607	9995	10021
1958	9593	10610	9997	10022
1959	9594	10612	9999	10024
1960	9596	10615	10000	10026
1961	9600	10616	10002	10027
1962	9601	10617	10004	10029
1963	9604	10620	10006	10031
1964	9605	10623	10008	10033
1965	9606	10625	10010	10034
1966	9609	10627	10012	10036
1967	9610	10628	10014	10038
1968	9613	10630	10016	10040
1969	9615	10631	10018	10041
1970	9618	10633	10020	10043
1971	9619	10634	10022	10045
1972	9619	10637	10024	10047
1973	9620	10639	10025	10048
1974	9621	10643	10027	10050
1975	9622	10645	10028	10052
1976	9624	10647	10031	10054
1977	9627	10649	10033	10055
1978	9629	10652	10034	10057
1979	9631	10655	10036	10059
1980	9632	10657	10038	10061
1981	9633	10659	10039	10062
1982	9634	10661	10041	10064
1983	9636	10662	10043	10066
1984	9640	10663	10044	10068
1985	9640	10665	10045	10069
1986	9643	10668	10048	10071
1987	9644	10670	10049	10073
1988	9646	10672	10050	10075
1989	9648	10674	10052	10077
1990	9650	10676	10053	10078
1991	9652	10678	10055	10080
1992	9656	10680	10057	10082
1993	9657	10680	10059	10084
1994	9659	10681	10061	10085
1995	9660	10682	10063	10087
1996	9660	10683	10064	10089
1997	9661	10686	10065	10091
1998	9662	10690	10068	10093
1999	9662	10693	10070	10094
2000	9664	10695	10071	10096
2001	9667	10697	10073	10098
2002	9668	10698	10074	10100
2003	9672	10700	10077	10101
2004	9676	10702	10078	10103
2005	9677	10703	10081	10105
2006	9679	10705	10082	10107
2007	9681	10707	10084	10108
2008	9684	10711	10085	10110
2009	9686	10712	10086	10112
2010	9688	10714	10087	10113
2011	9690	10716	10089	10115
2012	9693	10718	10091	10117
2013	9696	10720	10094	10119
2014	9699	10722	10095	10120
2015	9700	10724	10097	10122
2016	9701	10727	10099	10124
2017	9703	10730	10101	10126
2018	9705	10732	10102	10127
2019	9706	10734	10104	10129
2020	9707	10736	10106	10131
2021	9709	10739	10108	10133
2022	9712	10742	10109	10134
2023	9715	10743	10111	10136
2024	9716	10744	10113	10138
2025	9718	10746	10115	10140
2026	9720	10747	10116	10142
2027	9721	10750	10118	10143
2028	9722	10751	10119	10145
2029	9723	10754	10122	10147
2030	9724	10757	10123	10149
2031	9725	10759	10126	10151
2032	9725	10761	10127	10152
2033	9726	10763	10131	10154
2034	9727	10764	10133	10156
2035	9727	10766	10134	10158
2036	9728	10768	10136	10160
2037	9729	10770	10137	10161
2038	9730	10773	10139	10163
2039	9731	10775	10141	10165
2040	9732	10779	10143	10167
2041	9734	10781	10145	10168
2042	9735	10782	10146	10170
2043	9737	10783	10148	10172
2044	9739	10787	10149	10174
2045	9740	10791	10151	10175
2046	9744	10793	10153	10177
2047	9746	10798	10154	10179
2048	9749	10799	10156	10181
2049	9750	10801	10158	10182
2050	9750	10807	10160	10184
2051	9751	10809	10161	10186
2052	9756	10810	10163	10188
2053	9757	10812	10165	10189
2054	9757	10813	10166	10191
2055	9759	10816	10168	10193
2056	9761	10818	10170	10195
2057	9762	10820	10172	10196
2058	9765	10821	10174	10198
2059	9767	10823	10176	10200
2060	9769	10825	10177	10201
2061	9771	10828	10178	10203
2062	9773	10831	10181	10205
2063	9774	10831	10182	10207
2064	9779	10832	10183	10208
2065	9781	10836	10184	10210
2066	9782	10837	10186	10212
2067	9784	10841	10188	10214
2068	9784	10843	10189	10215
2069	9786	10847	10191	10217
2070	9787	10848	10193	10219
2071	9789	10850	10195	10221
2072	9792	10851	10197	10222
2073	9792	10855	10199	10224
2074	9793	10856	10201	10226
2075	9795	10859	10204	10228
2076	9795	10861	10205	10229
2077	9795	10861	10207	10231
2078	9797	10865	10209	10233
2079	9798	10866	10211	10235
2080	9800	10867	10212	10236
2081	9801	10868	10214	10238
2082	9803	10871	10215	10240
2083	9806	10873	10217	10242
2084	9807	10876	10219	10243
2085	9810	10877	10220	10245
2086	9814	10877	10222	10247
2087	9815	10878	10224	10249
2088	9817	10879	10225	10250
2089	9818	10879	10228	10252
2090	9819	10880	10229	10254
2091	9820	10883	10231	10256
2092	9822	10886	10232	10257
2093	9823	10887	10234	10259
2094	9825	10889	10236	10261
2095	9826	10891	10237	10263
2096	9827	10897	10239	10264
2097	9828	10898	10240	10266
2098	9830	10901	10242	10268
2099	9832	10902	10243	10270
2100	9835	10906	10245	10271
2101	9836	10907	10247	10273
2102	9838	10907	10250	10275
2103	9839	10910	10251	10277
2104	9842	10911	10254	10278
2105	9844	10912	10256	10280
2106	9846	10913	10258	10282
2107	9849	10915	10260	10284
2108	9851	10919	10262	10286
2109	9853	10920	10263	10287
2110	9854	10921	10264	10289
2111	9858	10923	10266	10291
2112	9860	10924	10268	10293
2113	9862	10927	10270	10295
2114	9864	10929	10271	10296
2115	9867	10930	10273	10298
2116	9868	10933	10274	10300
2117	9869	10935	10276	10302
2118	9870	10938	10276	10303
2119	9872	10939	10279	10305
2120	9874	10941	10281	10307
2121	9875	10943	10284	10309
2122	9877	10945	10286	10311
2123	9880	10947	10288	10312
2124	9882	10949	10290	10314
2125	9885	10950	10292	10316
2126	9888	10951	10293	10318
2127	9890	10951	10295	10319
2128	9893	10952	10297	10321
2129	9894	10955	10299	10323
2130	9894	10956	10300	10325
2131	9895	10959	10301	10327
2132	9898	10961	10303	10328
2133	9900	10966	10305	10330
2134	9901	10967	10306	10332
2135	9902	10970	10308	10334
2136	9905	10972	10310	10335
2137	9906	10974	10312	10337
2138	9907	10976	10313	10339
2139	9908	10979	10315	10341
2140	9911	10981	10316	10343
2141	9912	10983	10318	10344
2142	9914	10985	10320	10346
2143	9915	10987	10323	10348
2144	9917	10989	10325	10349
2145	9919	10991	10326	10351
2146	9920	10992	10328	10353
2147	9922	10995	10330	10354
2148	9926	10997	10332	10356
2149	9927	11000	10334	10358
2150	9928	11003	10335	10360
2151	9930	11006	10337	10361
2152	9931	11007	10340	10363
2153	9933	11010	10341	10365
2154	9934	11013	10343	10366
2155	9935	11015	10344	10368
2156	9936	11016	10345	10370
2157	9938	11017	10347	10372
2158	9938	11020	10348	10373
2159	9939	11022	10350	10375
2160	9939	11024	10352	10377
2161	9941	11025	10353	10378
2162	9942	11027	10355	10380
2163	9946	11029	10356	10382
2164	9948	11030	10358	10384
2165	9950	11031	10360	10385
2166	9952	11032	10363	10387
2167	9954	11034	10365	10389
2168	9956	11036	10368	10391
2169	9958	11037	10370	10393
2170	9959	11037	10371	10394
2171	9961	11040	10373	10396
2172	9963	11043	10374	10398
2173	9964	11043	10376	10400
2174	9965	11043	10378	10401
2175	9965	11044	10380	10403
2176	9968	11047	10382	10405
2177	9969	11050	10384	10407
2178	9972	11051	10385	10408
2179	9974	11055	10387	10410
2180	9975	11056	10389	10412
2181	9977	11058	10390	10414
2182	9980	11061	10392	10416
2183	9982	11062	10393	10418
2184	9984	11064	10395	10420
2185	9985	11067	10397	10421
2186	9987	11069	10399	10423
2187	9988	11070	10400	10425
2188	9990	11073	10401	10427
2189	9991	11074	10404	10429
2190	9992	11076	10405	10431
