depth	min	max	median	mean
3	-68	457	52	89
4	-33	532	132	163
5	-14	681	204	237
6	2	856	273	311
7	14	1066	339	385
8	22	1283	403	459
9	77	1334	479	528
10	117	1401	549	598
11	145	1485	617	667
12	166	1584	687	737
13	189	1721	752	806
14	256	1785	831	879
15	306	1862	910	951
16	346	1972	984	1024
17	383	2077	1056	1096
18	414	2169	1123	1169
19	484	2226	1198	1239
20	542	2295	1271	1309
21	578	2371	1345	1379
22	613	2474	1413	1449
23	645	2574	1485	1519
24	732	2631	1558	1589
25	800	2684	1629	1660
26	857	2753	1700	1730
27	892	2816	1782	1801
28	938	2913	1855	1871
29	1024	2962	1922	1938
30	1100	3010	1989	2005
31	1161	3069	2060	2072
32	1218	3148	2128	2139
33	1257	3249	2188	2206
34	1358	3300	2267	2277
35	1429	3340	2338	2347
36	1478	3418	2406	2418
37	1530	3486	2482	2488
38	1569	3585	2557	2558
39	1659	3636	2623	2629
40	1737	3701	2692	2699
41	1825	3776	2759	2769
42	1883	3855	2834	2839
43	1933	3929	2907	2909
44	2033	3985	2974	2979
45	2140	4052	3038	3049
46	2208	4099	3109	3119
47	2271	4167	3179	3189
48	2338	4273	3250	3259
49	2504	4317	3311	3334
50	2624	4368	3378	3408
51	2744	4428	3451	3483
52	2839	4490	3526	3557
53	2908	4575	3598	3631
54	3097	4633	3692	3732
55	3242	4717	3788	3832
56	3333	4795	3891	3932
57	3391	4910	3990	4032
58	3426	5082	4084	4132
59	3560	5203	4230	4270
60	3651	5358	4376	4407
61	3715	5547	4517	4545
62	3771	5798	4643	4682
63	3817	6099	4766	4820
64	3983	6170	4903	4959
65	4092	6261	5055	5099
66	4182	6341	5215	5238
67	4247	6490	5371	5378
68	4323	6678	5516	5518
69	4563	6729	5661	5654
70	4705	6808	5805	5791
71	4816	6892	5958	5928
72	4921	6987	6113	6065
73	5001	7159	6257	6202
74	5324	7193	6389	6348
75	5612	7238	6528	6494
76	5853	7298	6666	6641
77	6035	7368	6820	6787
78	6181	7492	6975	6933
79	6384	7529	7064	7036
80	6570	7571	7163	7138
81	6735	7634	7262	7241
82	6836	7755	7359	7343
83	6927	7929	7452	7445
84	7160	7993	7577	7577
85	7354	8090	7706	7708
86	7472	8234	7837	7840
87	7556	8423	7970	7971
88	7610	8660	8096	8103
89	7766	8790	8234	8240
90	7849	8991	8363	8377
91	7921	9298	8482	8514
92	7967	9680	8595	8651
93	8010	10082	8711	8788
94	8126	10225	8845	8917
95	8202	10328	8984	9047
96	8260	10481	9116	9176
97	8308	10719	9231	9305
98	8350	10999	9343	9434
99	8467	11116	9476	9557
100	8556	11224	9614	9681
101	8640	11353	9730	9804
102	8705	11541	9863	9927
103	8736	11774	9991	10051
104	8870	11879	10126	10182
105	8968	11973	10260	10314
106	9032	12107	10405	10446
107	9120	12242	10542	10577
108	9180	12451	10669	10709
109	9345	12535	10809	10845
110	9467	12636	10955	10981
111	9573	12769	11107	11117
112	9666	12900	11252	11253
113	9739	13079	11391	11388
114	9903	13164	11528	11519
115	10044	13261	11661	11651
116	10164	13382	11801	11782
117	10255	13533	11934	11913
118	10346	13699	12070	12044
119	10516	13759	12210	12177
120	10632	13884	12348	12310
121	10759	13986	12486	12443
122	10841	14125	12623	12576
123	10926	14305	12750	12709
124	11131	14377	12876	12839
125	11254	14471	12996	12968
126	11388	14571	13132	13098
127	11499	14668	13268	13227
128	11585	14799	13397	13357
129	11784	14864	13525	13481
130	11959	14934	13648	13605
131	12090	15028	13775	13729
132	12222	15140	13912	13853
133	12316	15280	14045	13977
134	12569	15350	14176	14109
135	12793	15427	14298	14242
136	12956	15511	14432	14374
137	13129	15588	14570	14506
138	13222	15721	14705	14638
139	13543	15776	14825	14770
140	13825	15824	14938	14903
141	14035	15884	15056	15035
142	14214	15970	15178	15167
143	14356	16110	15314	15299
144	14504	16225	15439	15425
145	14601	16390	15558	15552
146	14671	16635	15676	15678
147	14728	16924	15786	15804
148	14769	17235	15893	15930
149	14925	17352	16019	16053
150	15031	17436	16146	16177
151	15117	17601	16264	16300
152	15184	17818	16386	16424
153	15248	18084	16493	16547
154	15363	18208	16621	16671
155	15472	18338	16746	16795
156	15546	18497	16877	16919
157	15618	18705	16998	17044
158	15686	18955	17110	17168
159	15810	19067	17236	17293
160	15934	19201	17377	17419
161	16027	19355	17498	17544
162	16113	19502	17621	17669
163	16178	19671	17750	17795
164	16339	19769	17878	17920
165	16438	19888	18005	18045
166	16533	20006	18131	18170
167	16615	20153	18269	18295
168	16684	20304	18395	18420
169	16863	20404	18520	18546
170	16965	20468	18652	18672
171	17055	20573	18779	18798
172	17150	20717	18914	18923
173	17231	20895	19044	19049
174	17430	20967	19174	19174
175	17549	21049	19300	19298
176	17669	21144	19432	19422
177	17780	21302	19561	19547
178	17836	21487	19686	19671
179	18012	21546	19807	19798
180	18158	21620	19946	19925
181	18270	21721	20085	20053
182	18358	21823	20217	20180
183	18444	21975	20351	20307
184	18635	22019	20468	20429
185	18795	22086	20592	20551
186	18909	22176	20718	20672
187	18980	22274	20841	20794
188	19088	22397	20966	20916
189	19340	22467	21085	21044
190	19551	22536	21210	21171
191	19678	22612	21343	21299
192	19802	22711	21475	21427
193	19905	22857	21611	21554
194	20134	22910	21727	21681
195	20376	22974	21855	21807
196	20578	23057	21979	21933
197	20717	23178	22116	22060
198	20810	23315	22246	22186
199	21130	23370	22343	22312
200	21408	23430	22447	22439
201	21652	23497	22559	22565
202	21826	23563	22683	22692
203	21967	23691	22807	22818
204	22117	23825	22931	22954
205	22247	24044	23059	23091
206	22334	24329	23182	23227
207	22400	24638	23300	23363
208	22431	25030	23424	23500
209	22574	25162	23556	23634
210	22650	25338	23691	23769
211	22715	25572	23821	23903
212	22762	25752	23943	24037
213	22811	26029	24066	24172
214	22945	26204	24213	24310
215	23059	26379	24352	24447
216	23140	26569	24490	24585
217	23200	26791	24632	24723
218	23252	27065	24751	24860
219	23379	27189	24909	25004
220	23484	27362	25056	25147
221	23573	27547	25210	25291
222	23663	27752	25359	25435
223	23730	27955	25499	25578
224	23834	28125	25634	25716
225	23951	28259	25773	25854
226	24048	28427	25917	25992
227	24108	28620	26049	26131
228	24175	28837	26179	26269
229	24326	29007	26332	26412
230	24438	29185	26467	26555
231	24518	29344	26611	26698
232	24590	29510	26737	26841
233	24647	29720	26881	26985
234	24794	29813	27024	27124
235	24937	30005	27172	27263
236	25036	30167	27324	27402
237	25165	30368	27463	27541
238	25253	30613	27604	27680
239	25391	30720	27738	27820
240	25497	30854	27881	27959
241	25596	31008	28036	28099
242	25682	31207	28165	28239
243	25776	31399	28313	28379
244	25923	31545	28458	28512
245	26025	31636	28586	28645
246	26114	31764	28719	28778
247	26204	31922	28853	28911
248	26289	32096	28991	29044
249	26438	32183	29123	29182
250	26561	32347	29253	29320
251	26665	32510	29393	29458
252	26743	32679	29529	29596
253	26839	32867	29670	29734
254	26996	33005	29827	29874
255	27123	33159	29972	30014
256	27214	33314	30104	30155
257	27278	33457	30257	30295
258	27386	33628	30392	30435
259	27591	33739	30542	30574
260	27780	33873	30687	30713
261	27870	34012	30823	30852
262	27962	34158	30962	30991
263	28079	34308	31110	31130
264	28213	34412	31253	31267
265	28333	34547	31395	31405
266	28440	34713	31534	31542
267	28549	34822	31671	31679
268	28663	34965	31814	31816
269	28784	35074	31945	31951
270	28925	35213	32086	32086
271	29008	35353	32240	32221
272	29101	35471	32364	32355
273	29198	35661	32491	32490
274	29283	35737	32635	32626
275	29392	35876	32768	32761
276	29504	36020	32902	32896
277	29606	36228	33045	33032
278	29723	36381	33184	33167
279	29860	36493	33333	33307
280	29970	36603	33470	33447
281	30087	36732	33619	33587
282	30225	36882	33757	33726
283	30306	37073	33888	33866
284	30429	37173	34042	34003
285	30599	37277	34202	34140
286	30725	37384	34336	34276
287	30836	37532	34493	34413
288	30971	37745	34634	34549
289	31112	37842	34779	34688
290	31249	37946	34934	34827
291	31348	38066	35078	34967
292	31442	38205	35222	35106
293	31568	38348	35366	35245
294	31682	38453	35515	35388
295	31818	38583	35653	35531
296	31972	38707	35816	35674
297	32077	38839	35955	35817
298	32178	39002	36101	35960
299	32311	39106	36263	36098
300	32448	39222	36402	36237
301	32555	39356	36566	36376
302	32638	39501	36711	36514
303	32744	39655	36860	36653
304	32880	39753	37000	36791
305	33061	39853	37150	36929
306	33202	39986	37310	37066
307	33285	40143	37459	37204
308	33371	40305	37605	37342
309	33546	40385	37762	37479
310	33663	40490	37912	37616
311	33793	40578	38053	37754
312	33969	40665	38197	37891
313	34088	40783	38335	38028
314	34222	40841	38492	38162
315	34332	40931	38634	38297
316	34430	41069	38790	38431
317	34521	41176	38936	38565
318	34618	41300	39081	38699
319	34763	41380	39238	38837
320	34903	41448	39390	38975
321	35013	41557	39537	39112
322	35122	41644	39677	39250
323	35226	41782	39837	39387
