2
11
26
36
46
56
66
76
86
96
106
116
121
126
133
136
138
142
157
163
173
186
196
206
221
231
243
256
265
283
300
323
341
361
381
401
411
421
431
441
452
463
473
483
501
535
560
581
601
621
641
653
662
685
710
735
755
781
801
820
825
835
845
851
861
871
881
885
891
905
925
945
970
985
1005
1025
1045
1070
1091
1105
1121
1145
1165
1175
1183
1193
1203
1213
1223
1243
1263
1278
1304
1325
1345
1361
1391
1411
1435
1461
1481
1508
1523
1543
1560
1585
1605
1625
1645
1665
1681
1691
1703
1713
1723
1733
1743
1753
1763
1778
