depth	min	max	median	mean
39	2289	2857	2573	2578
40	2310	2876	2591	2597
41	2329	2899	2610	2615
42	2344	2927	2631	2633
43	2358	2957	2648	2651
44	2372	2989	2665	2670
45	2389	3010	2685	2688
46	2406	3029	2704	2706
47	2420	3055	2723	2724
48	2431	3077	2742	2742
49	2444	3105	2760	2760
50	2464	3117	2779	2778
51	2480	3133	2798	2796
52	2491	3147	2814	2814
53	2507	3175	2833	2833
54	2515	3203	2852	2851
55	2535	3214	2872	2869
56	2553	3228	2890	2886
57	2566	3241	2909	2904
58	2575	3269	2927	2922
59	2586	3295	2941	2940
60	2606	3314	2959	2958
61	2626	3333	2977	2976
62	2644	3358	2996	2995
63	2659	3382	3013	3013
64	2672	3407	3030	3031
65	2695	3422	3051	3050
66	2712	3439	3070	3068
67	2730	3455	3089	3087
68	2744	3480	3108	3105
69	2757	3505	3127	3124
70	2776	3523	3142	3141
71	2792	3538	3162	3159
72	2809	3557	3178	3176
73	2817	3581	3195	3194
74	2827	3602	3211	3211
75	2842	3621	3228	3229
76	2863	3638	3246	3247
77	2878	3657	3266	3265
78	2891	3674	3284	3283
79	2905	3690	3300	3300
80	2929	3708	3319	3319
81	2950	3728	3336	3337
82	2969	3743	3354	3355
83	2985	3770	3372	3374
84	3001	3796	3389	3392
85	3026	3807	3409	3410
86	3038	3825	3426	3429
87	3055	3846	3447	3448
88	3072	3869	3466	3467
89	3083	3890	3487	3485
90	3107	3901	3503	3503
91	3123	3916	3522	3520
92	3139	3930	3540	3537
93	3153	3950	3557	3555
94	3171	3972	3572	3572
95	3192	3986	3591	3590
96	3212	4000	3611	3608
97	3228	4014	3628	3626
98	3242	4041	3644	3644
99	3257	4064	3665	3662
100	3280	4078	3681	3680
101	3301	4096	3700	3699
102	3319	4116	3718	3717
103	3334	4136	3735	3735
104	3345	4161	3754	3753
105	3370	4172	3772	3771
106	3391	4189	3791	3790
107	3416	4209	3809	3809
108	3436	4230	3825	3827
109	3452	4254	3843	3846
110	3472	4267	3860	3864
111	3492	4279	3879	3882
112	3514	4303	3900	3900
113	3533	4321	3917	3919
114	3542	4346	3936	3937
115	3567	4359	3952	3955
116	3598	4375	3970	3973
117	3612	4389	3988	3991
118	3627	4411	4006	4009
119	3640	4438	4025	4027
120	3669	4452	4042	4045
121	3694	4468	4060	4063
122	3718	4488	4080	4081
123	3738	4507	4097	4099
124	3752	4527	4116	4117
125	3782	4543	4132	4136
126	3809	4562	4149	4154
127	3825	4582	4167	4172
128	3851	4607	4185	4190
129	3865	4631	4204	4208
130	3897	4644	4221	4226
131	3921	4659	4239	4244
132	3942	4674	4257	4262
133	3959	4698	4275	4280
134	3974	4719	4296	4297
135	4000	4733	4319	4320
136	4022	4758	4338	4342
137	4042	4786	4359	4364
138	4062	4806	4379	4386
139	4074	4830	4398	4409
140	4096	4855	4420	4431
141	4118	4883	4440	4454
142	4133	4906	4462	4476
143	4150	4939	4483	4499
144	4160	4975	4504	4521
145	4184	4996	4528	4544
146	4206	5021	4552	4566
147	4222	5051	4575	4589
148	4237	5087	4595	4612
149	4252	5120	4618	4634
150	4275	5141	4640	4656
151	4294	5158	4661	4677
152	4304	5187	4683	4699
153	4320	5226	4704	4720
154	4330	5257	4727	4742
155	4352	5276	4751	4764
156	4365	5301	4771	4786
157	4380	5334	4794	4809
158	4396	5373	4814	4831
159	4406	5409	4838	4853
160	4428	5434	4858	4876
161	4445	5457	4880	4898
162	4460	5482	4906	4921
163	4480	5513	4931	4944
164	4496	5537	4956	4966
165	4520	5561	4975	4989
166	4539	5574	4996	5011
167	4554	5606	5018	5033
168	4567	5635	5041	5056
169	4579	5659	5063	5078
170	4602	5680	5088	5101
171	4623	5697	5109	5123
172	4640	5726	5130	5145
173	4663	5758	5154	5168
174	4680	5783	5174	5190
175	4704	5801	5199	5212
176	4723	5817	5223	5235
177	4742	5836	5244	5257
178	4761	5859	5267	5279
179	4778	5888	5287	5302
180	4799	5902	5310	5324
181	4824	5931	5332	5347
182	4841	5951	5356	5370
183	4862	5977	5380	5392
184	4877	6005	5401	5415
185	4904	6028	5423	5437
186	4922	6050	5447	5460
187	4939	6073	5468	5482
188	4957	6102	5492	5505
189	4966	6142	5513	5528
190	4994	6160	5534	5550
191	5013	6181	5556	5572
192	5033	6207	5579	5594
193	5050	6230	5601	5616
194	5066	6266	5623	5638
195	5090	6290	5645	5660
196	5109	6315	5667	5682
197	5128	6334	5690	5704
198	5145	6359	5712	5726
199	5162	6395	5734	5748
200	5193	6416	5758	5771
201	5223	6436	5782	5794
202	5243	6457	5804	5817
203	5260	6496	5825	5840
204	5280	6527	5847	5863
205	5309	6549	5872	5886
206	5334	6565	5893	5908
207	5352	6589	5918	5930
208	5370	6610	5941	5952
209	5388	6638	5962	5974
210	5409	6654	5990	5997
211	5432	6673	6010	6019
212	5446	6698	6032	6042
213	5470	6720	6056	6065
214	5488	6750	6079	6087
215	5513	6766	6099	6110
216	5534	6792	6121	6132
217	5550	6816	6147	6155
218	5566	6835	6169	6177
219	5583	6866	6192	6200
220	5609	6890	6214	6222
221	5639	6920	6239	6245
222	5665	6942	6263	6268
223	5682	6967	6284	6290
224	5695	6997	6305	6313
225	5720	7016	6330	6335
226	5739	7032	6354	6358
227	5749	7054	6380	6380
228	5770	7078	6401	6403
229	5783	7104	6424	6425
230	5810	7123	6446	6447
231	5831	7147	6465	6469
232	5848	7168	6488	6491
233	5864	7199	6509	6513
234	5875	7225	6528	6534
235	5899	7247	6551	6557
236	5926	7267	6577	6580
237	5947	7294	6601	6602
238	5966	7321	6623	6625
239	5985	7338	6648	6648
240	6007	7358	6670	6670
241	6029	7384	6690	6692
242	6053	7406	6710	6714
243	6080	7432	6731	6737
244	6097	7456	6757	6759
245	6123	7472	6775	6781
246	6149	7492	6795	6803
247	6164	7511	6817	6824
248	6185	7532	6840	6846
249	6204	7554	6863	6868
250	6224	7575	6884	6890
251	6241	7593	6908	6911
252	6261	7615	6931	6933
253	6276	7633	6953	6954
254	6291	7648	6975	6976
255	6321	7666	7001	6999
256	6348	7681	7025	7021
257	6366	7704	7048	7044
258	6385	7735	7072	7067
259	6406	7762	7094	7089
260	6429	7783	7115	7111
261	6453	7807	7138	7133
262	6471	7824	7161	7155
263	6487	7840	7185	7177
264	6505	7867	7205	7199
265	6527	7887	7227	7222
266	6558	7906	7248	7244
267	6582	7928	7271	7267
268	6610	7950	7292	7289
269	6632	7965	7312	7312
270	6656	7988	7333	7334
271	6675	8002	7358	7355
272	6694	8020	7379	7377
273	6718	8042	7403	7399
274	6737	8070	7426	7421
275	6764	8092	7450	7444
276	6797	8118	7472	7467
277	6825	8139	7494	7489
278	6843	8157	7517	7512
279	6865	8178	7540	7535
280	6899	8196	7566	7557
281	6919	8216	7588	7580
282	6942	8237	7612	7602
283	6964	8263	7636	7625
284	6979	8287	7659	7647
285	7011	8301	7682	7670
286	7040	8318	7703	7693
287	7068	8342	7725	7716
288	7091	8367	7747	7738
289	7118	8399	7772	7761
290	7140	8410	7796	7783
291	7157	8429	7818	7805
292	7171	8446	7837	7827
293	7194	8478	7857	7849
294	7216	8501	7878	7871
295	7245	8512	7902	7894
296	7276	8529	7926	7916
297	7299	8551	7948	7939
298	7322	8577	7969	7962
299	7347	8602	7991	7984
300	7378	8620	8014	8007
301	7403	8638	8039	8029
302	7422	8662	8060	8051
303	7438	8677	8082	8074
304	7456	8702	8105	8096
305	7483	8715	8128	8119
306	7509	8736	8153	8141
307	7527	8749	8176	8163
308	7552	8777	8197	8186
309	7572	8799	8220	8208
310	7597	8816	8244	8230
311	7633	8832	8265	8253
312	7653	8849	8287	8275
313	7676	8870	8312	8297
314	7697	8885	8332	8320
315	7730	8902	8356	8343
316	7760	8923	8377	8365
317	7785	8940	8401	8388
318	7806	8961	8423	8411
319	7824	8989	8447	8434
320	7850	8999	8468	8457
321	7875	9015	8492	8479
322	7900	9035	8515	8502
323	7920	9063	8538	8524
324	7934	9088	8562	8547
325	7968	9104	8584	8569
326	7995	9125	8608	8591
327	8020	9148	8631	8614
328	8049	9167	8652	8636
329	8067	9190	8672	8658
330	8095	9206	8695	8681
331	8117	9222	8718	8703
332	8136	9238	8740	8725
333	8160	9254	8763	8748
334	8186	9280	8783	8770
335	8218	9297	8805	8792
336	8243	9320	8828	8814
337	8273	9333	8849	8836
338	8297	9354	8874	8858
339	8315	9385	8896	8880
340	8347	9397	8917	8902
341	8377	9418	8941	8924
342	8399	9440	8962	8946
343	8417	9460	8985	8969
344	8437	9478	9005	8991
345	8471	9500	9028	9013
346	8501	9519	9049	9036
347	8523	9534	9071	9058
348	8546	9552	9093	9081
349	8568	9575	9115	9104
350	8600	9588	9135	9126
351	8630	9611	9158	9149
352	8656	9634	9182	9172
353	8683	9654	9206	9194
354	8703	9678	9227	9217
355	8749	9696	9251	9239
356	8777	9717	9273	9262
357	8797	9738	9296	9284
358	8814	9766	9318	9306
359	8831	9790	9341	9328
360	8871	9806	9363	9351
361	8907	9818	9385	9373
362	8938	9837	9406	9396
363	8959	9860	9430	9419
364	8986	9878	9451	9441
365	9023	9897	9469	9463
366	9049	9916	9487	9485
367	9074	9942	9506	9507
368	9098	9965	9525	9529
