depth	min	max	median	mean
64	840	1171	1008	1013
65	846	1179	1018	1022
66	855	1191	1027	1031
67	867	1203	1037	1040
68	877	1215	1046	1049
69	888	1228	1054	1057
70	895	1245	1063	1066
71	902	1262	1071	1075
72	912	1279	1079	1084
73	920	1292	1087	1092
74	926	1314	1094	1101
75	934	1321	1102	1110
76	939	1330	1111	1119
77	948	1337	1121	1128
78	955	1349	1130	1136
79	962	1358	1138	1145
80	971	1370	1147	1154
81	976	1383	1156	1163
82	981	1397	1164	1172
83	984	1412	1172	1181
84	988	1430	1181	1190
85	999	1437	1191	1198
86	1007	1446	1199	1207
87	1013	1455	1208	1216
88	1020	1465	1216	1224
89	1026	1478	1224	1233
90	1031	1491	1233	1242
91	1037	1500	1242	1251
92	1042	1513	1251	1259
93	1048	1528	1260	1268
94	1053	1548	1268	1277
95	1062	1554	1279	1286
96	1071	1560	1288	1295
97	1078	1569	1296	1304
98	1086	1579	1305	1313
99	1096	1585	1315	1322
100	1101	1599	1323	1331
101	1109	1609	1332	1340
102	1114	1622	1341	1349
103	1117	1635	1350	1358
104	1123	1647	1360	1367
105	1132	1655	1368	1375
106	1139	1664	1377	1384
107	1148	1672	1385	1393
108	1156	1678	1394	1401
109	1165	1685	1404	1410
110	1169	1692	1413	1419
111	1174	1702	1421	1427
112	1179	1715	1430	1436
113	1182	1726	1439	1445
114	1187	1740	1448	1453
115	1199	1747	1457	1462
116	1211	1754	1466	1471
117	1222	1762	1476	1480
118	1231	1771	1486	1490
119	1238	1777	1497	1499
120	1247	1785	1506	1508
121	1253	1797	1515	1517
122	1259	1808	1524	1526
123	1264	1820	1532	1535
124	1271	1831	1541	1544
125	1281	1838	1550	1553
126	1287	1845	1560	1561
127	1298	1850	1569	1570
128	1307	1862	1577	1579
129	1317	1868	1586	1588
130	1325	1875	1595	1596
131	1332	1889	1603	1605
132	1339	1898	1613	1614
133	1344	1905	1621	1623
134	1351	1917	1630	1631
135	1361	1923	1638	1640
136	1373	1932	1647	1649
137	1382	1940	1655	1657
138	1392	1948	1664	1666
139	1403	1955	1673	1675
140	1410	1964	1681	1683
141	1416	1972	1691	1692
142	1424	1982	1700	1701
143	1431	1989	1709	1709
144	1437	2001	1718	1718
145	1450	2006	1726	1727
146	1459	2011	1735	1736
147	1471	2019	1743	1744
148	1481	2025	1752	1753
149	1490	2030	1762	1762
150	1499	2038	1771	1771
151	1509	2050	1780	1780
152	1517	2058	1789	1788
153	1525	2067	1797	1797
154	1529	2080	1806	1806
155	1546	2085	1815	1815
156	1558	2089	1823	1823
157	1569	2095	1832	1832
158	1576	2102	1841	1841
159	1583	2108	1849	1849
160	1592	2115	1859	1858
161	1600	2123	1868	1867
162	1606	2130	1878	1875
163	1614	2139	1887	1884
164	1621	2149	1896	1893
165	1634	2153	1905	1901
166	1648	2159	1914	1910
167	1658	2165	1920	1919
168	1669	2171	1928	1928
169	1678	2177	1938	1936
170	1689	2183	1947	1945
171	1699	2190	1955	1954
172	1705	2198	1964	1962
173	1714	2206	1973	1971
174	1722	2214	1982	1980
175	1736	2218	1990	1989
176	1751	2222	1999	1998
177	1771	2226	2007	2007
178	1783	2230	2015	2015
179	1795	2235	2023	2024
180	1805	2239	2031	2033
181	1815	2243	2039	2042
182	1827	2250	2047	2051
183	1833	2259	2056	2060
184	1841	2268	2064	2069
185	1862	2270	2072	2078
186	1880	2273	2080	2086
187	1897	2277	2088	2095
188	1912	2279	2096	2104
189	1927	2283	2103	2113
190	1941	2287	2110	2121
191	1952	2293	2117	2130
192	1963	2299	2124	2139
193	1974	2305	2132	2148
194	1979	2311	2139	2156
195	1995	2321	2148	2166
196	2004	2333	2161	2177
197	2012	2348	2174	2187
198	2018	2368	2185	2197
199	2022	2389	2196	2207
200	2027	2411	2209	2218
201	2031	2438	2220	2228
202	2037	2467	2233	2238
203	2040	2494	2244	2248
204	2045	2524	2255	2259
205	2054	2534	2265	2269
206	2062	2545	2275	2280
207	2067	2557	2286	2290
208	2074	2570	2296	2301
209	2081	2584	2308	2311
210	2088	2609	2318	2322
211	2094	2627	2329	2333
212	2099	2652	2339	2343
213	2103	2668	2349	2354
214	2107	2693	2359	2364
215	2119	2704	2368	2375
216	2128	2717	2377	2385
217	2137	2730	2388	2395
218	2143	2742	2398	2406
219	2150	2756	2408	2416
220	2157	2769	2418	2427
221	2161	2784	2428	2437
222	2167	2803	2438	2447
223	2172	2819	2448	2458
224	2176	2843	2456	2468
225	2185	2854	2468	2479
226	2194	2866	2479	2490
227	2204	2881	2488	2500
228	2213	2892	2499	2511
229	2220	2906	2510	2521
230	2227	2919	2521	2532
231	2234	2936	2531	2543
232	2239	2955	2539	2553
233	2244	2977	2550	2564
234	2248	2996	2561	2575
235	2259	3004	2571	2585
236	2267	3021	2581	2596
237	2274	3031	2591	2606
238	2285	3050	2602	2617
239	2293	3058	2611	2627
240	2301	3070	2622	2638
241	2311	3086	2632	2649
242	2320	3104	2643	2659
243	2326	3121	2654	2670
244	2330	3134	2662	2680
245	2340	3145	2673	2691
246	2349	3154	2681	2701
247	2354	3165	2693	2711
248	2361	3178	2704	2722
249	2369	3191	2715	2732
250	2376	3205	2724	2742
251	2382	3224	2735	2753
252	2387	3237	2745	2763
253	2393	3251	2754	2774
254	2397	3267	2764	2784
255	2408	3274	2775	2794
256	2419	3283	2786	2805
257	2429	3291	2795	2815
258	2436	3302	2806	2826
259	2441	3314	2816	2836
260	2447	3336	2827	2847
261	2453	3354	2836	2857
262	2459	3364	2848	2867
263	2463	3375	2858	2878
264	2470	3397	2869	2888
265	2480	3404	2881	2899
266	2492	3416	2892	2909
267	2503	3427	2902	2920
268	2511	3437	2912	2930
269	2520	3449	2923	2941
270	2527	3457	2934	2951
271	2534	3471	2944	2962
272	2540	3488	2954	2972
273	2545	3507	2963	2982
274	2549	3520	2974	2993
275	2560	3533	2985	3003
276	2568	3538	2996	3014
277	2581	3553	3008	3024
278	2590	3567	3017	3034
279	2598	3583	3025	3045
280	2605	3597	3038	3055
281	2614	3608	3046	3065
282	2621	3626	3055	3076
283	2627	3636	3066	3086
284	2634	3650	3076	3097
285	2643	3666	3088	3107
286	2651	3672	3098	3118
287	2658	3679	3107	3128
288	2666	3687	3119	3139
289	2674	3696	3129	3150
290	2681	3712	3141	3160
291	2687	3726	3150	3171
292	2693	3742	3161	3181
293	2700	3757	3172	3192
294	2704	3775	3181	3203
295	2714	3791	3191	3213
296	2728	3801	3203	3224
297	2734	3813	3213	3234
298	2747	3827	3225	3245
299	2753	3836	3236	3256
300	2761	3849	3246	3266
301	2767	3868	3256	3277
302	2775	3884	3268	3288
303	2782	3899	3280	3298
304	2788	3921	3292	3309
305	2797	3928	3301	3319
306	2804	3940	3309	3330
307	2811	3950	3320	3340
308	2819	3962	3330	3350
309	2826	3979	3341	3361
310	2837	3989	3352	3371
311	2843	4000	3364	3381
312	2852	4012	3373	3392
313	2860	4027	3384	3402
314	2865	4045	3396	3412
315	2874	4055	3407	3423
316	2883	4066	3416	3433
317	2896	4073	3426	3444
318	2910	4087	3436	3454
319	2919	4101	3446	3465
320	2925	4119	3458	3475
321	2930	4137	3469	3485
322	2937	4155	3480	3496
323	2944	4172	3492	3506
324	2949	4186	3501	3517
325	2960	4191	3512	3527
326	2970	4207	3524	3538
327	2980	4220	3534	3548
328	2989	4235	3543	3559
329	2996	4246	3553	3569
330	3001	4257	3563	3580
331	3008	4272	3572	3590
332	3016	4288	3586	3601
333	3023	4298	3597	3612
334	3029	4314	3608	3622
335	3042	4323	3619	3633
336	3051	4327	3631	3643
337	3060	4333	3641	3654
338	3071	4345	3651	3664
339	3084	4355	3662	3675
340	3091	4363	3669	3685
341	3101	4383	3679	3696
342	3108	4402	3689	3706
343	3117	4417	3698	3717
344	3127	4431	3708	3727
345	3133	4445	3719	3738
346	3142	4459	3728	3748
347	3151	4467	3740	3759
348	3161	4478	3750	3769
349	3170	4486	3763	3780
350	3175	4493	3774	3790
351	3183	4507	3784	3801
352	3189	4522	3795	3811
353	3199	4539	3805	3822
354	3207	4551	3815	3832
355	3217	4561	3827	3843
356	3226	4573	3836	3853
357	3235	4581	3845	3864
358	3246	4588	3855	3875
359	3255	4599	3865	3885
360	3267	4610	3877	3896
361	3274	4624	3889	3907
362	3282	4636	3899	3917
363	3293	4653	3911	3928
364	3300	4665	3922	3939
365	3308	4671	3932	3949
366	3318	4680	3946	3960
367	3326	4684	3957	3971
368	3334	4697	3966	3982
369	3343	4712	3977	3993
370	3354	4728	3988	4003
371	3362	4737	4001	4014
372	3368	4752	4013	4025
373	3376	4771	4024	4036
374	3385	4780	4035	4047
375	3392	4792	4045	4057
376	3403	4805	4056	4067
377	3412	4815	4065	4077
378	3418	4825	4077	4087
379	3430	4833	4086	4097
380	3441	4850	4095	4108
381	3450	4860	4106	4118
382	3459	4869	4115	4128
383	3465	4883	4126	4138
384	3475	4893	4137	4148
385	3483	4901	4150	4159
386	3489	4914	4160	4169
387	3496	4926	4170	4179
388	3504	4937	4180	4190
389	3511	4948	4191	4200
390	3520	4957	4205	4211
391	3528	4971	4215	4221
392	3536	4980	4225	4232
393	3544	4991	4232	4242
394	3550	5008	4242	4252
395	3560	5022	4254	4263
396	3569	5030	4266	4274
397	3579	5044	4277	4284
398	3592	5059	4288	4295
399	3599	5071	4301	4306
400	3606	5087	4310	4316
401	3614	5105	4320	4327
402	3621	5121	4331	4338
403	3629	5137	4342	4348
404	3637	5147	4353	4359
405	3651	5161	4368	4373
406	3663	5175	4384	4387
407	3676	5186	4397	4401
408	3690	5197	4407	4415
409	3702	5210	4421	4429
410	3714	5223	4436	4444
411	3722	5235	4449	4458
412	3730	5246	4463	4472
413	3736	5266	4478	4486
414	3747	5284	4493	4500
415	3761	5292	4512	4514
416	3775	5300	4528	4529
417	3789	5311	4544	4543
418	3797	5320	4557	4557
419	3810	5337	4571	4571
420	3825	5348	4586	4585
421	3841	5370	4600	4600
422	3848	5385	4616	4614
423	3856	5402	4629	4628
424	3863	5421	4642	4642
425	3872	5427	4658	4657
426	3882	5444	4676	4671
427	3888	5463	4693	4685
428	3896	5471	4707	4699
429	3903	5486	4721	4714
430	3913	5505	4733	4728
431	3921	5522	4751	4742
432	3930	5544	4763	4757
433	3944	5561	4778	4771
434	3952	5576	4795	4785
435	3965	5589	4811	4800
436	3978	5597	4826	4815
437	3990	5606	4841	4829
438	4005	5616	4856	4844
439	4016	5629	4874	4859
440	4025	5646	4889	4874
441	4031	5659	4903	4888
442	4041	5684	4919	4903
443	4049	5704	4934	4918
444	4058	5730	4951	4933
445	4073	5744	4965	4948
446	4083	5756	4980	4962
447	4095	5772	4996	4977
448	4109	5785	5014	4992
449	4119	5797	5032	5007
450	4129	5809	5047	5022
451	4142	5826	5065	5037
452	4150	5843	5079	5051
453	4156	5861	5096	5066
454	4164	5878	5112	5081
455	4174	5889	5126	5095
456	4192	5898	5138	5109
457	4198	5910	5154	5124
458	4206	5922	5169	5138
459	4218	5932	5182	5152
460	4234	5943	5199	5166
461	4239	5968	5216	5180
462	4244	5987	5230	5195
463	4251	6003	5245	5209
464	4259	6022	5257	5223
465	4278	6034	5274	5237
466	4291	6041	5289	5251
467	4304	6053	5305	5266
468	4310	6069	5319	5280
469	4320	6078	5336	5294
470	4334	6093	5352	5309
471	4343	6108	5368	5323
472	4351	6128	5382	5337
473	4366	6145	5396	5351
474	4378	6166	5411	5366
475	4389	6172	5426	5379
476	4396	6182	5441	5393
477	4403	6191	5455	5407
478	4417	6205	5471	5421
479	4423	6222	5488	5435
480	4434	6234	5503	5449
481	4448	6248	5519	5462
482	4456	6267	5534	5476
483	4463	6283	5550	5490
484	4469	6297	5565	5504
485	4487	6307	5578	5518
486	4496	6312	5592	5533
487	4518	6326	5606	5547
488	4528	6340	5621	5561
489	4536	6350	5639	5576
490	4543	6366	5654	5590
491	4551	6382	5670	5604
492	4562	6396	5686	5619
493	4573	6413	5701	5633
494	4580	6434	5714	5648
495	4596	6441	5729	5662
496	4611	6448	5741	5676
497	4625	6457	5757	5690
498	4638	6468	5771	5704
499	4649	6483	5788	5718
500	4662	6494	5806	5732
501	4676	6502	5825	5746
502	4683	6524	5841	5760
503	4697	6540	5858	5774
504	4700	6555	5871	5789
505	4715	6562	5889	5803
506	4721	6571	5907	5818
507	4732	6582	5921	5833
508	4742	6594	5933	5847
509	4756	6611	5947	5862
510	4767	6628	5962	5877
511	4768	6641	5979	5891
512	4781	6659	5994	5906
513	4792	6676	6010	5921
514	4798	6692	6025	5935
515	4808	6704	6043	5950
516	4821	6716	6057	5964
517	4836	6729	6072	5978
518	4849	6740	6090	5992
519	4855	6754	6106	6006
520	4868	6767	6123	6020
521	4877	6783	6140	6034
522	4883	6801	6155	6048
523	4896	6817	6171	6062
524	4905	6832	6185	6077
525	4915	6839	6201	6091
526	4925	6848	6217	6106
527	4936	6861	6235	6121
528	4947	6873	6254	6136
529	4957	6885	6270	6151
530	4966	6897	6287	6166
531	4975	6910	6306	6180
532	4984	6927	6323	6195
533	4996	6941	6340	6210
534	5006	6957	6355	6225
535	5015	6964	6372	6239
536	5025	6972	6387	6254
537	5038	6985	6404	6269
538	5048	6993	6421	6283
539	5054	7005	6438	6298
540	5066	7015	6457	6313
541	5072	7029	6469	6327
542	5079	7043	6486	6342
543	5093	7058	6499	6357
544	5103	7073	6515	6371
545	5114	7080	6532	6386
546	5124	7084	6551	6401
547	5134	7092	6569	6415
548	5146	7103	6586	6430
549	5151	7112	6604	6445
550	5156	7123	6619	6459
551	5167	7133	6638	6474
552	5177	7147	6655	6489
553	5183	7159	6674	6503
554	5193	7178	6686	6518
555	5214	7183	6704	6533
556	5225	7186	6723	6547
557	5241	7192	6741	6561
558	5248	7198	6760	6576
559	5259	7206	6780	6590
560	5269	7216	6797	6605
561	5279	7225	6814	6619
562	5293	7236	6828	6634
563	5304	7250	6845	6648
564	5318	7267	6861	6663
565	5329	7272	6880	6678
566	5338	7279	6901	6693
567	5350	7286	6923	6708
568	5380	7295	6940	6724
569	5389	7303	6958	6739
570	5407	7312	6978	6754
571	5418	7323	6996	6769
572	5429	7336	7012	6784
573	5442	7349	7028	6800
574	5451	7365	7041	6815
575	5462	7371	7052	6825
576	5473	7377	7063	6835
577	5484	7385	7072	6845
578	5491	7393	7080	6854
579	5495	7403	7088	6864
580	5503	7414	7099	6874
581	5508	7426	7109	6884
582	5517	7438	7120	6894
583	5526	7451	7131	6904
584	5535	7468	7142	6914
585	5548	7475	7151	6921
586	5562	7483	7158	6929
587	5570	7492	7165	6936
588	5578	7503	7174	6943
589	5586	7515	7186	6951
590	5594	7525	7192	6958
591	5602	7538	7199	6966
592	5610	7552	7207	6973
593	5621	7566	7212	6981
594	5633	7580	7218	6988
595	5641	7589	7225	6996
596	5649	7596	7233	7003
597	5656	7603	7240	7011
598	5663	7609	7249	7019
599	5671	7620	7257	7026
600	5682	7631	7263	7034
601	5691	7644	7271	7042
602	5702	7653	7277	7049
603	5709	7667	7282	7057
604	5718	7677	7289	7065
605	5721	7681	7295	7072
606	5729	7690	7303	7080
607	5733	7698	7310	7088
608	5742	7706	7316	7095
609	5745	7716	7322	7103
610	5752	7726	7330	7110
611	5752	7736	7335	7118
612	5765	7746	7343	7126
613	5775	7759	7349	7133
614	5783	7772	7356	7141
615	5794	7779	7361	7148
616	5806	7785	7369	7155
617	5813	7790	7373	7162
618	5822	7799	7379	7170
619	5827	7807	7385	7177
620	5831	7814	7391	7184
621	5849	7825	7396	7191
622	5856	7835	7402	7198
623	5866	7847	7407	7205
624	5875	7859	7413	7213
625	5889	7866	7420	7220
626	5896	7871	7428	7228
627	5908	7883	7435	7235
628	5915	7891	7441	7243
629	5920	7899	7448	7250
630	5926	7912	7454	7258
631	5930	7920	7459	7265
632	5943	7931	7466	7273
633	5946	7940	7471	7280
634	5952	7949	7478	7288
635	5961	7957	7484	7296
636	5974	7966	7490	7303
637	5987	7972	7497	7311
638	5999	7979	7502	7318
639	6006	7987	7509	7326
640	6022	7997	7517	7333
641	6029	8007	7523	7341
642	6041	8018	7529	7349
643	6049	8026	7535	7356
644	6057	8038	7541	7364
645	6067	8048	7547	7371
646	6077	8052	7555	7379
647	6085	8061	7560	7386
648	6089	8071	7566	7393
649	6095	8080	7572	7401
650	6104	8087	7579	7408
651	6113	8095	7584	7416
652	6129	8104	7591	7423
653	6136	8119	7597	7430
654	6144	8128	7602	7438
655	6150	8135	7609	7446
656	6160	8142	7616	7453
657	6170	8145	7624	7461
658	6181	8148	7632	7469
659	6186	8159	7639	7476
660	6197	8170	7646	7484
661	6212	8175	7653	7492
662	6217	8187	7659	7499
663	6226	8198	7665	7507
664	6237	8208	7672	7515
665	6241	8216	7678	7522
666	6249	8224	7685	7529
667	6255	8235	7692	7537
668	6261	8240	7700	7544
669	6266	8251	7707	7551
670	6270	8260	7715	7559
671	6275	8269	7722	7566
672	6279	8278	7727	7573
673	6286	8290	7734	7581
674	6295	8304	7739	7588
675	6305	8307	7744	7595
676	6319	8313	7752	7603
677	6326	8323	7759	7610
678	6337	8329	7766	7618
679	6345	8344	7772	7625
680	6355	8348	7777	7633
681	6365	8355	7785	7640
682	6371	8367	7793	7648
683	6378	8378	7799	7655
684	6386	8393	7806	7663
685	6389	8402	7814	7671
686	6400	8405	7822	7678
687	6409	8411	7829	7686
688	6416	8418	7835	7693
689	6423	8426	7842	7701
690	6429	8431	7847	7708
691	6436	8441	7854	7716
692	6446	8452	7860	7724
693	6452	8462	7867	7731
694	6464	8473	7875	7739
695	6470	8480	7881	7746
696	6476	8483	7889	7753
697	6484	8487	7896	7761
698	6498	8497	7901	7768
699	6510	8507	7907	7775
700	6523	8512	7914	7783
701	6527	8516	7921	7790
702	6533	8527	7929	7798
703	6538	8539	7937	7805
704	6544	8545	7943	7812
705	6557	8551	7950	7820
706	6565	8561	7956	7827
707	6570	8574	7963	7835
708	6588	8582	7969	7842
709	6599	8586	7977	7850
710	6610	8594	7983	7857
711	6618	8606	7990	7865
712	6624	8613	7998	7872
713	6631	8621	8005	7880
714	6639	8628	8011	7888
715	6647	8635	8016	7895
716	6654	8647	8021	7903
717	6662	8651	8028	7910
718	6670	8658	8035	7918
719	6679	8667	8043	7925
720	6686	8676	8051	7933
721	6696	8681	8057	7940
722	6704	8695	8065	7948
723	6708	8707	8071	7956
724	6713	8717	8075	7963
725	6727	8722	8085	7971
726	6742	8727	8093	7978
727	6751	8732	8101	7985
728	6758	8740	8110	7993
729	6771	8749	8116	8000
730	6781	8759	8124	8008
731	6791	8768	8131	8015
732	6797	8776	8138	8023
733	6806	8784	8144	8030
734	6815	8790	8152	8038
735	6828	8796	8158	8045
736	6839	8804	8168	8053
737	6844	8810	8174	8060
738	6854	8816	8181	8068
739	6859	8823	8189	8076
740	6868	8830	8195	8083
741	6875	8840	8202	8091
742	6884	8848	8210	8098
743	6894	8857	8216	8106
744	6901	8870	8222	8113
745	6910	8875	8229	8121
746	6917	8884	8234	8128
747	6924	8891	8242	8135
748	6932	8897	8248	8143
749	6939	8905	8254	8150
750	6947	8918	8260	8158
751	6952	8923	8266	8165
752	6957	8931	8272	8172
753	6970	8949	8280	8180
754	6977	8959	8288	8187
755	6983	8969	8295	8194
756	6992	8977	8303	8202
757	6999	8985	8309	8209
758	7009	8997	8317	8216
759	7020	9001	8322	8224
760	7026	9014	8330	8231
761	7040	9020	8337	8239
762	7056	9030	8343	8246
763	7062	9040	8349	8253
764	7070	9049	8355	8261
765	7075	9058	8364	8268
766	7084	9069	8371	8276
767	7095	9081	8377	8283
768	7108	9088	8384	8291
769	7120	9097	8392	8298
770	7126	9104	8399	8306
771	7133	9111	8405	8313
772	7145	9123	8413	8321
773	7152	9130	8420	8329
774	7164	9138	8427	8336
775	7176	9146	8436	8344
776	7184	9151	8444	8351
777	7195	9158	8451	8359
778	7205	9166	8456	8367
779	7208	9174	8464	8374
780	7218	9182	8472	8382
781	7225	9190	8480	8390
782	7230	9199	8486	8397
783	7244	9210	8492	8405
784	7258	9218	8499	8413
785	7268	9225	8506	8420
786	7275	9235	8513	8428
787	7283	9241	8520	8435
788	7287	9248	8528	8443
789	7295	9253	8536	8450
790	7307	9260	8543	8458
791	7313	9268	8550	8465
792	7319	9273	8557	8473
793	7330	9281	8564	8480
794	7339	9291	8571	8488
795	7352	9296	8578	8496
796	7374	9304	8586	8503
797	7382	9310	8593	8511
798	7392	9319	8599	8519
799	7397	9327	8606	8527
800	7413	9336	8612	8535
801	7430	9346	8621	8543
802	7440	9354	8629	8551
803	7447	9361	8635	8559
804	7455	9373	8642	8567
805	7463	9378	8650	8574
806	7472	9385	8657	8582
807	7481	9391	8665	8590
808	7491	9398	8672	8597
809	7500	9409	8679	8605
810	7506	9416	8688	8613
811	7517	9423	8696	8620
812	7525	9435	8703	8628
813	7533	9444	8709	8636
814	7544	9453	8715	8643
815	7560	9459	8722	8651
816	7566	9470	8729	8658
817	7568	9476	8737	8666
818	7579	9482	8743	8673
819	7585	9486	8750	8681
820	7594	9499	8756	8688
821	7606	9503	8764	8695
822	7618	9506	8771	8703
823	7627	9510	8777	8710
824	7634	9515	8784	8718
825	7642	9525	8791	8725
826	7646	9532	8799	8733
827	7658	9538	8807	8740
828	7666	9547	8815	8748
829	7681	9554	8822	8755
830	7690	9564	8830	8763
831	7698	9571	8838	8770
832	7707	9586	8846	8778
833	7722	9597	8852	8785
834	7729	9610	8857	8793
835	7745	9615	8865	8800
836	7758	9621	8871	8808
837	7769	9634	8879	8815
838	7773	9644	8884	8823
839	7780	9651	8891	8831
840	7790	9657	8900	8838
841	7798	9665	8906	8846
842	7808	9671	8914	8853
843	7812	9682	8922	8861
844	7815	9688	8929	8869
845	7825	9693	8935	8876
846	7834	9699	8943	8883
847	7841	9708	8950	8891
848	7847	9713	8957	8898
849	7858	9721	8965	8905
850	7866	9729	8971	8913
851	7873	9733	8977	8920
852	7882	9739	8983	8927
853	7890	9744	8991	8935
854	7898	9749	8996	8942
855	7907	9755	9003	8949
856	7919	9761	9010	8957
857	7928	9767	9016	8964
858	7935	9779	9023	8971
859	7947	9786	9030	8978
860	7961	9796	9038	8986
861	7972	9804	9045	8993
862	7980	9816	9050	9000
863	7984	9823	9057	9008
864	7992	9837	9064	9015
865	7997	9845	9069	9022
866	8012	9855	9076	9030
867	8027	9862	9085	9037
868	8032	9869	9091	9044
869	8035	9876	9098	9051
870	8042	9884	9105	9059
871	8051	9897	9113	9066
872	8058	9910	9120	9073
873	8062	9915	9124	9081
874	8074	9926	9131	9088
875	8081	9933	9137	9095
876	8089	9940	9146	9103
877	8105	9947	9154	9111
878	8118	9961	9162	9118
879	8131	9971	9168	9126
880	8139	9984	9177	9134
881	8149	9991	9183	9141
882	8155	9997	9189	9149
883	8160	10007	9195	9157
884	8173	10013	9201	9164
885	8182	10017	9208	9172
886	8190	10023	9216	9179
887	8199	10027	9222	9187
888	8204	10030	9231	9194
889	8206	10037	9238	9202
890	8215	10044	9245	9209
891	8221	10058	9252	9216
892	8226	10067	9259	9224
893	8234	10072	9268	9231
894	8237	10081	9275	9239
895	8246	10091	9283	9246
896	8260	10097	9290	9254
897	8266	10105	9297	9261
898	8275	10114	9303	9268
899	8286	10121	9310	9276
900	8293	10127	9316	9283
901	8302	10136	9322	9290
902	8309	10140	9327	9298
903	8320	10158	9335	9305
904	8326	10167	9343	9312
905	8335	10170	9351	9320
906	8347	10176	9359	9327
907	8350	10179	9367	9335
908	8358	10187	9374	9342
909	8368	10194	9381	9350
910	8376	10199	9389	9357
911	8380	10206	9395	9365
912	8386	10215	9401	9372
913	8396	10219	9406	9379
914	8403	10225	9413	9387
915	8414	10228	9420	9394
916	8427	10237	9427	9402
917	8441	10246	9433	9409
918	8451	10258	9440	9416
919	8460	10263	9447	9424
920	8469	10267	9454	9431
921	8481	10273	9460	9439
922	8487	10281	9468	9446
923	8498	10292	9477	9453
924	8510	10302	9483	9461
925	8518	10308	9491	9468
926	8531	10314	9498	9476
927	8542	10321	9506	9483
928	8557	10329	9513	9491
929	8563	10338	9519	9498
930	8569	10345	9526	9506
931	8577	10352	9530	9513
932	8590	10360	9538	9521
933	8599	10373	9545	9529
934	8612	10379	9554	9536
935	8622	10389	9560	9544
936	8630	10400	9568	9551
937	8645	10407	9576	9559
938	8649	10415	9583	9566
939	8655	10422	9588	9574
940	8657	10429	9595	9581
941	8665	10439	9602	9589
942	8671	10451	9609	9596
943	8678	10461	9617	9604
944	8687	10473	9623	9611
945	8696	10478	9631	9619
946	8705	10485	9638	9626
947	8713	10493	9643	9634
948	8725	10503	9650	9641
949	8731	10509	9657	9649
950	8747	10521	9664	9656
951	8759	10527	9671	9664
952	8770	10538	9679	9671
953	8785	10546	9685	9678
954	8792	10549	9691	9686
955	8803	10563	9699	9693
956	8807	10574	9707	9701
957	8815	10580	9716	9709
958	8826	10591	9722	9716
959	8836	10597	9730	9724
960	8842	10610	9739	9731
961	8849	10618	9743	9739
962	8856	10625	9749	9746
963	8863	10636	9757	9754
964	8871	10648	9764	9762
965	8882	10654	9771	9769
966	8892	10664	9780	9777
967	8910	10670	9788	9785
968	8917	10677	9794	9792
969	8923	10686	9803	9800
970	8934	10696	9809	9808
971	8941	10704	9816	9815
972	8951	10714	9823	9823
973	8963	10720	9832	9831
974	8970	10731	9840	9838
975	8976	10736	9846	9846
976	8982	10741	9853	9854
977	8992	10747	9860	9861
978	9001	10754	9867	9869
979	9013	10763	9876	9876
980	9019	10770	9882	9884
981	9032	10780	9889	9891
982	9041	10786	9896	9899
983	9055	10790	9903	9907
984	9066	10797	9910	9914
985	9075	10805	9919	9922
986	9081	10811	9926	9929
987	9091	10823	9932	9937
988	9101	10833	9940	9944
989	9111	10840	9948	9952
990	9121	10848	9954	9959
991	9134	10853	9963	9967
992	9148	10861	9970	9974
993	9155	10864	9976	9982
994	9160	10874	9984	9989
995	9167	10877	9991	9997
996	9176	10884	9997	10004
997	9188	10893	10003	10012
998	9195	10900	10011	10019
999	9205	10905	10018	10026
1000	9211	10911	10025	10034
1001	9218	10917	10032	10041
1002	9227	10923	10038	10049
1003	9233	10928	10046	10056
1004	9242	10931	10053	10063
1005	9251	10943	10060	10071
1006	9264	10950	10066	10078
1007	9270	10955	10075	10085
1008	9288	10963	10082	10093
1009	9295	10971	10088	10100
1010	9303	10979	10094	10108
1011	9307	10987	10101	10115
1012	9314	10989	10110	10122
1013	9324	10999	10118	10130
1014	9326	11008	10127	10137
1015	9340	11011	10132	10145
1016	9348	11016	10138	10152
1017	9358	11024	10144	10160
1018	9369	11031	10151	10168
1019	9381	11042	10158	10175
1020	9388	11053	10165	10183
1021	9397	11061	10173	10191
1022	9404	11072	10179	10198
1023	9413	11080	10186	10206
1024	9424	11093	10194	10213
1025	9436	11098	10201	10221
1026	9445	11108	10210	10228
1027	9453	11124	10217	10236
1028	9467	11127	10226	10243
1029	9474	11136	10233	10251
1030	9479	11150	10238	10258
1031	9489	11154	10248	10266
1032	9501	11163	10257	10273
1033	9507	11170	10265	10281
1034	9515	11178	10272	10288
1035	9527	11184	10279	10296
1036	9536	11190	10287	10303
1037	9547	11194	10294	10311
1038	9551	11202	10301	10319
1039	9557	11211	10306	10326
1040	9562	11220	10313	10334
1041	9573	11229	10318	10342
1042	9581	11235	10324	10349
1043	9591	11245	10332	10357
1044	9599	11256	10339	10365
1045	9606	11257	10348	10372
1046	9613	11265	10355	10380
1047	9619	11270	10363	10388
1048	9628	11273	10371	10395
1049	9635	11279	10380	10403
1050	9641	11285	10388	10410
1051	9645	11292	10395	10418
1052	9654	11295	10404	10426
1053	9657	11305	10411	10433
1054	9666	11317	10418	10441
1055	9674	11322	10427	10448
1056	9684	11327	10432	10456
1057	9690	11334	10441	10463
1058	9702	11341	10447	10471
1059	9705	11352	10456	10479
1060	9711	11364	10465	10486
1061	9724	11372	10473	10494
1062	9731	11377	10480	10501
1063	9745	11384	10486	10509
1064	9756	11393	10492	10516
1065	9761	11396	10499	10524
1066	9766	11405	10506	10532
1067	9776	11410	10513	10540
1068	9779	11416	10520	10547
1069	9789	11427	10527	10555
1070	9797	11436	10536	10563
1071	9809	11448	10543	10571
1072	9814	11458	10551	10578
1073	9824	11463	10557	10586
1074	9834	11472	10567	10594
1075	9840	11482	10572	10601
1076	9849	11488	10579	10608
1077	9857	11494	10587	10616
1078	9870	11499	10592	10623
1079	9879	11505	10597	10630
1080	9889	11513	10603	10637
1081	9897	11525	10609	10644
1082	9906	11535	10616	10652
1083	9914	11541	10622	10659
1084	9924	11547	10628	10666
1085	9935	11556	10636	10674
1086	9943	11561	10643	10681
1087	9954	11565	10650	10688
1088	9964	11571	10657	10696
1089	9972	11580	10665	10703
1090	9980	11589	10674	10710
1091	9987	11598	10680	10718
1092	9994	11610	10688	10725
1093	10006	11620	10695	10733
1094	10011	11629	10701	10740
1095	10022	11637	10709	10747
1096	10028	11644	10714	10755
1097	10038	11649	10723	10762
1098	10051	11659	10727	10770
1099	10060	11668	10735	10777
1100	10067	11676	10741	10785
1101	10079	11680	10747	10792
1102	10082	11686	10755	10800
1103	10089	11693	10763	10807
1104	10099	11700	10770	10815
1105	10108	11703	10778	10822
1106	10117	11711	10784	10830
1107	10128	11715	10790	10837
1108	10132	11725	10796	10845
1109	10143	11732	10803	10852
1110	10152	11738	10813	10860
1111	10161	11744	10821	10867
1112	10166	11758	10828	10875
1113	10175	11767	10835	10882
1114	10184	11777	10842	10890
1115	10191	11780	10847	10897
1116	10205	11783	10854	10904
1117	10220	11788	10862	10911
1118	10232	11795	10868	10919
1119	10242	11804	10876	10926
1120	10251	11811	10883	10933
1121	10259	11816	10890	10941
1122	10268	11823	10898	10948
1123	10279	11833	10904	10955
1124	10286	11839	10911	10963
1125	10295	11843	10917	10970
1126	10302	11851	10922	10977
1127	10307	11861	10930	10984
1128	10321	11863	10937	10992
1129	10327	11868	10943	10999
1130	10336	11870	10950	11006
1131	10342	11878	10956	11013
1132	10351	11887	10963	11020
1133	10356	11895	10974	11028
1134	10361	11900	10979	11035
1135	10376	11906	10987	11042
1136	10391	11910	10996	11050
1137	10405	11918	11003	11057
1138	10411	11925	11009	11065
1139	10418	11933	11016	11073
1140	10429	11940	11024	11080
1141	10436	11950	11031	11088
1142	10440	11954	11037	11095
1143	10445	11960	11045	11103
1144	10450	11969	11054	11110
1145	10462	11977	11061	11118
1146	10472	11982	11069	11125
1147	10480	11990	11076	11133
1148	10492	12000	11083	11140
1149	10509	12006	11091	11148
1150	10516	12013	11099	11155
1151	10529	12025	11107	11163
1152	10540	12035	11114	11170
1153	10545	12046	11121	11178
1154	10552	12057	11128	11185
1155	10565	12059	11135	11193
1156	10579	12063	11141	11200
1157	10591	12068	11148	11208
1158	10595	12075	11155	11215
1159	10604	12081	11162	11222
1160	10611	12090	11170	11230
1161	10618	12096	11177	11237
1162	10622	12109	11185	11245
1163	10633	12115	11192	11252
1164	10641	12123	11199	11259
1165	10649	12131	11206	11267
1166	10658	12137	11212	11274
1167	10674	12142	11219	11281
1168	10680	12147	11224	11288
1169	10693	12157	11230	11295
1170	10701	12164	11237	11303
1171	10707	12169	11244	11310
1172	10714	12177	11252	11317
1173	10721	12184	11260	11324
1174	10725	12186	11266	11331
1175	10734	12194	11274	11339
1176	10744	12202	11279	11346
1177	10752	12211	11286	11354
1178	10765	12218	11294	11361
1179	10773	12222	11301	11369
1180	10783	12227	11309	11376
1181	10795	12232	11314	11383
1182	10803	12237	11321	11391
1183	10812	12245	11329	11398
1184	10822	12257	11337	11406
1185	10830	12260	11343	11413
1186	10841	12267	11350	11420
1187	10851	12274	11356	11427
1188	10861	12282	11362	11435
1189	10868	12286	11368	11442
1190	10876	12293	11374	11449
1191	10882	12298	11382	11457
1192	10892	12304	11390	11464
1193	10898	12315	11398	11471
1194	10905	12321	11406	11478
1195	10916	12325	11412	11486
1196	10932	12338	11419	11494
1197	10943	12341	11426	11501
1198	10955	12347	11432	11509
1199	10968	12352	11439	11517
1200	10978	12358	11446	11524
1201	10990	12364	11455	11532
1202	10999	12374	11463	11540
1203	11009	12380	11470	11547
1204	11014	12389	11476	11555
1205	11027	12394	11482	11562
1206	11037	12403	11491	11569
1207	11049	12411	11497	11577
1208	11063	12417	11503	11584
1209	11073	12424	11509	11591
1210	11080	12435	11516	11598
1211	11088	12442	11522	11605
1212	11096	12452	11530	11613
1213	11103	12460	11536	11620
1214	11106	12464	11542	11627
1215	11118	12468	11548	11635
1216	11127	12478	11555	11642
1217	11139	12482	11561	11649
1218	11153	12486	11567	11657
1219	11160	12491	11574	11664
1220	11171	12494	11581	11672
1221	11181	12506	11588	11679
1222	11190	12520	11597	11687
1223	11198	12528	11604	11694
1224	11209	12535	11611	11702
1225	11219	12541	11621	11710
1226	11232	12550	11631	11719
1227	11242	12558	11640	11727
1228	11252	12569	11648	11736
1229	11260	12578	11657	11745
