depth	min	max	median	mean
210	401	896	673	667
211	417	909	691	684
212	427	926	707	700
213	440	949	724	717
214	453	973	740	733
215	467	1006	757	750
216	486	1017	772	766
217	503	1035	787	783
218	520	1051	802	799
219	532	1074	818	816
220	545	1099	834	832
221	566	1112	849	848
222	585	1127	865	865
223	602	1147	881	881
224	617	1166	899	897
225	631	1189	915	914
226	654	1202	931	930
227	668	1211	949	947
228	678	1229	966	963
229	692	1245	981	980
230	703	1266	996	997
231	723	1277	1014	1013
232	743	1292	1031	1029
233	758	1304	1047	1046
234	771	1327	1063	1062
235	783	1348	1080	1078
236	803	1356	1094	1094
237	828	1370	1111	1110
238	846	1385	1127	1126
239	865	1400	1143	1142
240	877	1422	1159	1158
241	900	1435	1176	1175
242	923	1448	1194	1192
243	945	1465	1212	1209
244	959	1484	1229	1226
245	970	1503	1245	1242
246	992	1514	1261	1258
247	1019	1531	1278	1275
248	1034	1541	1294	1291
249	1051	1559	1310	1307
250	1060	1575	1326	1323
251	1083	1585	1341	1339
252	1104	1598	1357	1355
253	1118	1612	1372	1371
254	1136	1630	1389	1387
255	1148	1646	1406	1404
256	1176	1658	1420	1420
257	1208	1668	1435	1437
258	1236	1678	1452	1454
259	1254	1695	1467	1470
260	1265	1721	1483	1487
261	1286	1736	1502	1505
262	1304	1760	1521	1523
263	1314	1785	1539	1541
264	1327	1819	1556	1559
265	1336	1853	1573	1577
266	1352	1874	1590	1595
267	1370	1898	1609	1613
268	1382	1928	1627	1631
269	1394	1955	1644	1649
270	1403	1986	1660	1667
271	1421	2001	1679	1685
272	1435	2022	1696	1704
273	1446	2044	1714	1722
274	1457	2072	1732	1740
275	1469	2111	1749	1758
276	1487	2127	1766	1777
277	1504	2142	1785	1795
278	1514	2167	1804	1814
279	1522	2193	1820	1832
280	1535	2233	1839	1850
281	1551	2249	1856	1868
282	1565	2270	1874	1886
283	1578	2293	1891	1904
284	1591	2318	1908	1922
285	1604	2344	1926	1940
286	1624	2356	1946	1958
287	1640	2385	1965	1976
288	1656	2410	1983	1994
289	1668	2429	1998	2012
290	1677	2451	2015	2030
291	1695	2464	2035	2048
292	1714	2486	2053	2066
293	1728	2504	2071	2084
294	1737	2523	2088	2101
295	1750	2541	2106	2119
296	1766	2564	2123	2137
297	1783	2586	2143	2156
298	1797	2609	2161	2174
299	1812	2636	2180	2192
300	1825	2666	2199	2210
301	1842	2684	2216	2228
302	1858	2706	2238	2247
303	1872	2732	2258	2265
304	1888	2749	2277	2283
305	1900	2780	2294	2302
306	1916	2799	2313	2320
307	1931	2811	2330	2338
308	1951	2828	2349	2356
309	1965	2852	2369	2375
310	1982	2875	2387	2393
311	1998	2888	2403	2411
312	2009	2905	2420	2429
313	2025	2930	2438	2447
314	2043	2948	2455	2465
315	2052	2969	2470	2483
316	2066	2984	2488	2500
317	2083	3003	2507	2518
318	2095	3019	2525	2535
319	2108	3037	2544	2553
320	2119	3055	2560	2571
321	2139	3072	2580	2589
322	2152	3089	2599	2607
323	2171	3112	2618	2625
324	2185	3132	2637	2643
325	2204	3155	2656	2661
326	2220	3170	2674	2679
327	2243	3193	2691	2697
328	2255	3214	2711	2716
329	2269	3231	2729	2734
330	2279	3260	2748	2752
331	2297	3269	2767	2770
332	2318	3284	2784	2788
333	2335	3300	2803	2806
334	2355	3322	2820	2824
335	2367	3346	2837	2842
336	2383	3361	2856	2860
337	2402	3382	2874	2878
338	2419	3410	2894	2896
339	2431	3438	2913	2914
340	2445	3465	2929	2932
341	2462	3477	2945	2949
342	2480	3496	2969	2967
343	2492	3508	2986	2985
344	2506	3531	3004	3003
345	2523	3557	3021	3020
346	2542	3569	3038	3039
347	2555	3591	3055	3057
348	2568	3610	3074	3075
349	2579	3621	3093	3094
350	2593	3647	3111	3112
351	2609	3659	3128	3130
352	2625	3682	3146	3148
353	2637	3698	3164	3166
354	2646	3724	3181	3184
355	2659	3747	3199	3202
356	2687	3762	3217	3219
357	2712	3780	3237	3237
358	2723	3805	3255	3255
359	2736	3824	3276	3273
360	2753	3850	3293	3290
361	2769	3871	3309	3309
362	2784	3888	3328	3327
363	2797	3904	3347	3346
364	2817	3927	3365	3364
365	2831	3948	3383	3382
366	2853	3961	3401	3400
367	2875	3982	3420	3418
368	2891	3998	3437	3436
369	2909	4016	3456	3454
370	2925	4033	3473	3471
371	2942	4049	3493	3489
372	2968	4065	3511	3507
373	2984	4085	3526	3525
374	2997	4105	3544	3543
375	3011	4120	3562	3561
376	3033	4134	3579	3579
377	3053	4152	3602	3597
378	3082	4171	3619	3615
379	3101	4189	3638	3633
380	3118	4203	3656	3651
381	3135	4214	3673	3668
382	3158	4230	3689	3686
383	3174	4241	3707	3704
384	3189	4260	3725	3721
385	3205	4279	3743	3739
386	3220	4299	3759	3757
387	3238	4313	3779	3775
388	3249	4334	3796	3793
389	3264	4354	3809	3811
390	3276	4386	3826	3829
391	3301	4393	3845	3847
392	3323	4409	3863	3865
393	3344	4428	3882	3883
394	3358	4444	3900	3901
395	3376	4467	3917	3919
396	3389	4480	3938	3938
397	3409	4500	3957	3956
398	3424	4522	3976	3975
399	3446	4537	3995	3994
400	3466	4564	4014	4012
401	3495	4575	4033	4031
402	3510	4590	4051	4050
403	3534	4606	4071	4068
404	3551	4624	4089	4087
405	3569	4644	4109	4106
406	3585	4663	4126	4124
407	3600	4685	4143	4142
408	3620	4709	4162	4160
409	3630	4729	4181	4179
410	3650	4747	4198	4197
411	3666	4760	4218	4215
412	3684	4773	4237	4234
413	3707	4790	4253	4253
414	3727	4806	4269	4271
415	3739	4827	4288	4290
416	3759	4848	4304	4308
417	3780	4868	4322	4325
418	3805	4885	4340	4343
419	3821	4906	4361	4361
420	3833	4922	4378	4379
421	3856	4943	4394	4397
422	3873	4958	4414	4415
423	3890	4975	4434	4433
424	3907	4996	4454	4451
425	3924	5016	4473	4468
426	3945	5026	4489	4486
427	3958	5042	4505	4505
428	3978	5061	4524	4523
429	4001	5072	4545	4541
430	4013	5094	4563	4559
431	4035	5112	4581	4577
432	4057	5125	4599	4595
433	4077	5141	4617	4613
434	4095	5163	4635	4631
435	4112	5177	4651	4649
436	4135	5191	4671	4667
437	4151	5208	4689	4684
438	4167	5227	4706	4702
439	4182	5243	4721	4719
440	4194	5261	4737	4737
441	4215	5277	4757	4754
442	4238	5296	4775	4772
443	4258	5313	4793	4790
444	4283	5325	4812	4808
445	4300	5342	4827	4826
446	4319	5352	4848	4844
447	4336	5369	4867	4862
448	4356	5385	4886	4881
449	4369	5400	4906	4899
450	4386	5418	4925	4917
451	4410	5437	4945	4936
452	4430	5449	4963	4954
453	4450	5465	4982	4973
454	4471	5481	5001	4991
455	4490	5500	5018	5010
456	4518	5511	5034	5028
457	4538	5526	5052	5045
458	4559	5543	5071	5063
459	4577	5558	5089	5081
460	4598	5569	5108	5099
461	4624	5582	5125	5117
462	4639	5598	5145	5135
463	4655	5615	5162	5153
464	4674	5631	5181	5171
465	4689	5646	5199	5189
466	4713	5663	5216	5207
467	4725	5678	5232	5225
468	4749	5692	5249	5243
469	4774	5708	5270	5261
470	4784	5727	5287	5279
471	4804	5742	5305	5298
472	4832	5758	5323	5316
473	4856	5776	5341	5334
474	4877	5794	5360	5353
475	4895	5812	5379	5371
476	4915	5827	5399	5389
477	4939	5835	5415	5407
478	4961	5848	5434	5425
479	4979	5864	5452	5443
480	4993	5874	5471	5462
481	5023	5887	5487	5480
482	5049	5906	5504	5498
483	5068	5918	5521	5516
484	5087	5934	5541	5534
485	5105	5958	5563	5552
486	5130	5971	5579	5570
487	5154	5979	5596	5588
488	5174	6000	5614	5606
489	5193	6017	5632	5624
490	5210	6036	5648	5642
491	5234	6049	5667	5660
492	5248	6064	5686	5677
493	5270	6075	5703	5695
494	5294	6090	5723	5712
495	5311	6107	5738	5730
496	5343	6117	5756	5748
497	5366	6133	5775	5766
498	5390	6151	5794	5784
499	5410	6169	5812	5802
500	5426	6189	5829	5820
501	5457	6193	5845	5838
502	5486	6212	5863	5857
503	5511	6229	5882	5875
504	5528	6245	5900	5893
505	5544	6262	5918	5911
506	5572	6274	5934	5929
507	5601	6289	5952	5947
508	5622	6305	5971	5965
509	5642	6323	5989	5983
510	5658	6341	6007	6001
511	5689	6355	6023	6020
512	5722	6369	6040	6039
513	5741	6383	6059	6057
514	5757	6398	6076	6076
515	5775	6415	6096	6094
516	5810	6433	6111	6112
517	5842	6444	6129	6130
518	5878	6456	6145	6148
519	5895	6475	6161	6166
520	5910	6493	6179	6183
