depth	min	max	median	mean
100	334	637	526	520
101	341	650	536	530
102	348	667	546	540
103	354	685	555	551
104	358	707	564	561
105	363	730	573	571
106	375	739	584	581
107	382	756	594	591
108	389	771	604	601
109	396	791	612	611
110	401	812	622	621
111	410	821	633	631
112	419	835	643	641
113	426	850	653	652
114	434	864	663	662
115	441	886	673	672
116	450	896	683	681
117	457	907	692	691
118	467	919	703	701
119	475	933	712	711
120	479	949	721	720
121	487	960	730	730
122	495	971	740	740
123	503	984	749	750
124	510	999	760	760
125	517	1013	770	770
126	525	1024	780	780
127	535	1036	790	790
128	549	1049	800	800
129	559	1066	810	810
130	568	1080	819	820
131	577	1089	830	830
132	581	1101	839	840
133	588	1111	849	849
134	589	1123	859	859
135	594	1136	868	869
136	610	1145	879	879
137	620	1157	888	889
138	628	1170	897	899
139	636	1185	908	909
140	643	1200	919	920
141	652	1208	928	929
142	663	1219	940	939
143	668	1232	950	949
144	673	1247	960	959
145	681	1261	970	969
146	694	1271	979	979
147	702	1283	989	989
148	712	1294	999	999
149	720	1304	1009	1009
150	727	1316	1018	1019
151	736	1327	1028	1029
152	745	1337	1037	1038
153	751	1350	1046	1048
154	758	1364	1056	1058
155	766	1380	1066	1068
156	775	1393	1075	1078
157	785	1402	1085	1088
158	793	1413	1095	1097
159	803	1427	1105	1107
160	808	1444	1114	1117
161	817	1453	1124	1127
162	824	1464	1136	1137
163	834	1476	1146	1147
164	843	1485	1157	1157
165	852	1494	1167	1167
166	858	1503	1177	1176
167	867	1513	1188	1186
168	875	1525	1197	1196
169	884	1535	1206	1206
170	890	1549	1216	1216
171	899	1556	1225	1226
172	909	1569	1237	1236
173	917	1580	1246	1246
174	923	1593	1257	1256
175	932	1608	1267	1266
176	937	1624	1277	1276
177	948	1637	1287	1286
178	956	1644	1296	1296
179	960	1659	1306	1306
180	968	1673	1317	1317
181	979	1684	1325	1326
182	986	1696	1334	1336
183	991	1706	1344	1346
184	999	1718	1355	1356
185	1008	1729	1364	1366
186	1015	1738	1375	1376
187	1029	1747	1385	1386
188	1037	1756	1395	1396
189	1046	1766	1406	1406
190	1052	1781	1416	1416
191	1059	1793	1426	1426
192	1070	1805	1436	1436
193	1078	1820	1446	1446
194	1089	1832	1456	1456
195	1095	1846	1465	1466
196	1105	1854	1476	1476
197	1112	1866	1486	1486
198	1124	1877	1495	1496
199	1136	1890	1504	1506
200	1141	1905	1513	1516
201	1147	1914	1524	1527
202	1156	1927	1535	1537
203	1163	1942	1545	1547
204	1170	1955	1557	1558
205	1180	1968	1568	1568
206	1190	1977	1579	1578
207	1201	1987	1590	1588
208	1209	1995	1599	1597
209	1214	2008	1609	1607
210	1220	2015	1617	1617
211	1228	2027	1628	1627
212	1234	2038	1638	1637
213	1241	2050	1646	1647
214	1246	2064	1656	1657
215	1255	2074	1666	1667
216	1263	2089	1676	1677
217	1272	2100	1687	1687
218	1282	2117	1698	1697
219	1289	2133	1707	1706
220	1297	2144	1716	1716
221	1302	2156	1724	1726
222	1310	2166	1735	1735
223	1320	2174	1744	1745
224	1326	2184	1754	1755
225	1330	2200	1763	1764
225.00002	1785	2746	2244	2253
226	1800	2752	2256	2263
227	1809	2761	2265	2273
228	1818	2768	2275	2283
229	1824	2780	2285	2293
230	1833	2795	2295	2303
231	1842	2802	2305	2313
232	1854	2813	2312	2323
233	1866	2821	2322	2332
234	1879	2827	2334	2342
235	1893	2835	2344	2352
236	1900	2844	2353	2362
237	1915	2854	2362	2372
238	1924	2863	2372	2381
239	1935	2873	2382	2391
240	1944	2880	2394	2401
241	1954	2891	2403	2411
242	1968	2897	2414	2421
243	1981	2906	2422	2431
244	1990	2916	2434	2441
245	1999	2929	2445	2451
246	2010	2937	2456	2461
247	2024	2941	2465	2471
248	2037	2950	2476	2481
249	2042	2962	2485	2491
250	2051	2968	2496	2501
251	2063	2981	2506	2511
252	2075	2991	2515	2521
253	2081	3001	2524	2530
254	2087	3013	2534	2540
255	2094	3028	2544	2550
256	2102	3035	2554	2560
257	2114	3039	2563	2570
258	2125	3050	2573	2580
259	2135	3061	2582	2590
260	2147	3070	2593	2600
261	2160	3078	2603	2610
262	2172	3087	2613	2620
263	2184	3098	2622	2630
264	2191	3109	2632	2640
265	2197	3113	2644	2650
266	2210	3124	2653	2660
267	2220	3134	2665	2670
268	2231	3146	2675	2680
269	2244	3157	2686	2690
270	2251	3169	2697	2700
271	2260	3180	2706	2710
272	2267	3183	2716	2720
273	2281	3193	2726	2730
274	2294	3202	2736	2740
275	2303	3209	2746	2750
276	2312	3217	2755	2760
277	2328	3224	2766	2769
278	2339	3233	2777	2779
279	2348	3243	2788	2789
280	2359	3255	2797	2799
281	2368	3263	2806	2809
282	2380	3275	2816	2819
283	2389	3281	2825	2829
284	2401	3289	2836	2839
285	2409	3298	2844	2849
286	2418	3302	2855	2859
287	2432	3305	2865	2869
288	2436	3322	2874	2879
289	2448	3330	2883	2889
290	2460	3333	2893	2899
291	2471	3340	2904	2909
292	2487	3350	2914	2919
293	2498	3356	2926	2929
294	2507	3365	2935	2939
295	2518	3378	2946	2949
296	2527	3387	2956	2958
297	2537	3394	2967	2968
298	2546	3401	2977	2978
299	2553	3413	2986	2988
300	2565	3429	2996	2998
301	2586	3434	3007	3008
302	2596	3443	3020	3018
303	2609	3451	3029	3027
304	2621	3462	3038	3037
305	2630	3470	3046	3047
306	2638	3477	3055	3057
307	2652	3484	3066	3067
308	2668	3490	3077	3076
309	2679	3501	3086	3086
310	2690	3513	3096	3096
311	2706	3522	3107	3106
312	2716	3530	3116	3116
313	2726	3539	3126	3126
314	2732	3549	3137	3136
315	2747	3558	3147	3146
316	2756	3565	3156	3156
317	2767	3574	3167	3166
318	2778	3582	3176	3176
319	2788	3593	3186	3186
320	2798	3602	3197	3196
321	2808	3609	3207	3206
322	2816	3617	3216	3217
323	2827	3628	3226	3227
324	2837	3640	3235	3237
325	2848	3652	3246	3247
326	2864	3659	3254	3257
327	2873	3669	3265	3267
328	2886	3676	3274	3277
329	2895	3689	3285	3287
330	2900	3700	3294	3297
331	2911	3702	3306	3307
332	2920	3713	3316	3317
333	2934	3721	3325	3327
334	2948	3733	3336	3337
335	2954	3744	3346	3347
336	2968	3752	3355	3357
337	2981	3764	3365	3367
338	2998	3773	3375	3378
339	3006	3783	3385	3388
340	3017	3791	3395	3398
341	3030	3800	3406	3408
342	3040	3810	3415	3417
343	3050	3817	3426	3427
344	3063	3826	3435	3437
345	3076	3836	3445	3447
346	3084	3845	3456	3457
347	3096	3854	3466	3467
348	3105	3861	3476	3477
349	3116	3871	3486	3488
350	3121	3876	3496	3498
351	3139	3884	3505	3508
352	3152	3895	3515	3518
353	3163	3907	3526	3528
354	3175	3913	3535	3538
355	3183	3925	3545	3548
356	3197	3931	3556	3558
357	3213	3940	3566	3568
358	3225	3948	3577	3578
359	3236	3956	3586	3588
360	3243	3964	3597	3598
361	3257	3974	3607	3607
362	3269	3982	3617	3617
363	3280	3993	3625	3627
364	3287	4000	3637	3637
365	3294	4008	3648	3647
366	3304	4015	3657	3657
367	3320	4027	3666	3667
368	3328	4035	3676	3677
369	3339	4053	3686	3687
370	3348	4064	3698	3697
371	3360	4070	3708	3707
372	3370	4079	3717	3717
373	3379	4083	3726	3727
374	3388	4095	3736	3737
375	3397	4108	3744	3747
376	3413	4115	3755	3757
377	3423	4121	3764	3766
378	3436	4128	3774	3776
379	3451	4136	3783	3785
380	3462	4147	3793	3795
381	3476	4154	3802	3805
382	3487	4163	3813	3815
383	3496	4171	3824	3825
384	3506	4182	3833	3835
385	3517	4189	3843	3845
386	3532	4196	3853	3855
387	3547	4203	3862	3865
388	3555	4212	3872	3875
389	3564	4220	3883	3885
390	3575	4229	3893	3894
391	3591	4240	3902	3904
392	3603	4252	3912	3914
393	3617	4262	3922	3924
394	3625	4271	3932	3934
395	3638	4283	3943	3944
396	3647	4290	3953	3954
397	3660	4297	3963	3965
398	3672	4306	3973	3975
399	3681	4320	3982	3985
400	3691	4330	3992	3995
