-20
-16
-13
5
25
45
60
65
90
104
124
134
154
178
184
194
218
223
243
263
273
313
318
418
513.5
622
724.5
741
746.5
752.5
757
762
766
770
774
778
781
782
786
790
794
798
802
806
810
814
818
822
832
842
852
862
883
893
903
913
923
943
982
1002
1022
1032
1042
1062
1072
1083.5
1123.5
1133.5
1143.5
1162
1172
1182
1202
1212
1222
1242
1257
1267
1287
1297
1307
1327
1337
1364
1384
1394
1404
1424
1460
1480
1490
1500
1520
1622
1642
1652
1662
1682
1692
1702
1726
1746
1756
1766
1776
1786
1806
1826
1846
1866
1876
1886
1896
1935
1954
1964
1984
1995
2016
2134
2144
2264.5
2154
2274.5
2284.5
2304.5
2324.5
2356
2366
2376
2396
2406
2426
2445.5
2455.5
2477.5
2505.5
2525.5
2550
2572
2610
2630
2648
2668
2708
2728
2750
2770
2850
2830
2810
2870
2910
2929
2945
2965
2985
2995
3010
3030
3046
3066
3106
3126
3149
3168
3188
3198
3208
3228
3246
3265
3285
3294.5
3305
3315
3325
3335
3344
3358
3368
3375
3388
3398
3408
3418
3428
3438
3448
3458
3469
3488
3562
3582
3612
3624
3634
3663
3683
3723
3743
3770
3790
3832
3872
3892
3934
3954
3972
4012
4032
4090
4152
4212
4292
4332
4405
4425
4445
4465
4485
4510
4530
4550
4590
4610
4650
4690
4710
4730
4750
4770
4790
4817
4837
4857
4877
4897
4917
4937
4957
4977
4997
5057
5097
