depth	min	max	median	mean
27	265	995	486	506
28	279	1001	498	519
29	292	1005	510	531
30	301	1020	520	543
31	308	1039	531	556
32	316	1072	541	568
33	324	1075	555	581
34	331	1078	570	593
35	341	1085	582	606
36	347	1092	593	618
37	356	1112	603	631
38	369	1122	619	644
39	377	1136	633	657
40	389	1148	647	670
41	397	1161	662	683
42	404	1173	675	697
43	416	1188	686	709
44	425	1202	700	721
45	434	1207	711	733
46	443	1218	724	745
47	450	1231	735	757
48	463	1249	748	770
49	475	1267	761	783
50	484	1279	776	795
51	492	1298	787	808
52	498	1319	800	820
53	514	1328	812	833
54	524	1331	823	845
55	532	1337	835	857
56	538	1352	846	869
57	548	1367	859	881
58	561	1377	872	894
59	573	1396	886	907
60	588	1403	898	919
61	594	1415	912	932
62	603	1431	923	944
63	614	1444	937	957
64	622	1455	951	969
65	628	1467	963	982
66	637	1482	976	995
67	644	1496	989	1007
68	656	1513	1000	1019
69	669	1523	1011	1031
70	677	1538	1024	1043
71	687	1558	1036	1055
72	696	1571	1048	1067
73	708	1581	1062	1080
74	718	1596	1074	1093
75	730	1605	1088	1106
76	739	1613	1102	1119
77	744	1628	1113	1132
78	758	1642	1126	1145
79	767	1658	1139	1158
80	778	1670	1151	1170
81	788	1686	1165	1183
82	796	1701	1179	1196
83	806	1714	1191	1209
84	818	1724	1204	1221
85	830	1736	1216	1234
86	840	1747	1229	1246
87	850	1773	1242	1259
88	861	1782	1254	1272
89	877	1795	1267	1284
90	885	1805	1280	1297
91	894	1816	1292	1309
92	903	1837	1303	1322
93	919	1847	1317	1335
94	928	1856	1331	1347
95	935	1868	1345	1360
96	944	1883	1358	1373
97	955	1895	1370	1386
98	967	1906	1381	1398
99	981	1927	1392	1411
100	992	1935	1406	1423
101	1004	1951	1419	1435
102	1015	1970	1432	1448
103	1025	1983	1444	1460
104	1036	1995	1455	1473
105	1044	2007	1468	1485
106	1053	2019	1480	1497
107	1061	2035	1492	1509
108	1076	2045	1508	1522
109	1089	2055	1520	1534
110	1099	2066	1532	1547
111	1111	2081	1544	1559
112	1116	2100	1558	1571
113	1130	2111	1571	1584
114	1144	2122	1583	1597
115	1153	2140	1596	1609
116	1163	2156	1608	1622
117	1173	2171	1620	1635
118	1187	2184	1634	1647
119	1198	2195	1646	1660
120	1207	2213	1659	1672
121	1216	2229	1672	1685
122	1229	2241	1683	1698
123	1241	2252	1697	1710
124	1252	2258	1709	1723
125	1266	2275	1721	1735
126	1273	2289	1735	1748
127	1284	2302	1746	1760
128	1298	2323	1760	1773
129	1307	2334	1772	1786
130	1316	2342	1783	1799
131	1325	2359	1796	1812
132	1343	2373	1808	1824
133	1353	2387	1821	1837
134	1364	2407	1834	1849
135	1376	2415	1847	1861
136	1383	2429	1859	1873
137	1392	2449	1872	1886
138	1407	2467	1886	1898
139	1417	2484	1898	1911
140	1431	2495	1911	1924
141	1439	2504	1924	1936
142	1453	2516	1938	1949
143	1467	2532	1949	1962
144	1475	2547	1962	1974
145	1482	2556	1975	1987
146	1491	2574	1987	1999
147	1498	2583	2000	2012
148	1512	2595	2013	2025
149	1523	2604	2025	2037
150	1535	2620	2038	2050
151	1544	2633	2050	2063
152	1556	2650	2063	2075
153	1569	2658	2075	2088
154	1579	2663	2089	2100
155	1592	2669	2101	2113
156	1608	2685	2114	2125
157	1619	2702	2127	2137
158	1630	2713	2139	2150
159	1640	2720	2152	2162
160	1652	2732	2166	2174
161	1665	2744	2179	2187
162	1677	2751	2191	2199
163	1690	2767	2204	2211
164	1699	2779	2217	2224
165	1707	2793	2229	2236
166	1717	2811	2241	2248
167	1729	2829	2256	2261
168	1738	2839	2267	2273
169	1754	2854	2280	2286
170	1762	2867	2293	2299
171	1775	2882	2305	2312
172	1784	2901	2318	2324
173	1795	2908	2329	2337
174	1807	2917	2341	2349
175	1825	2930	2354	2361
176	1838	2944	2366	2374
177	1845	2962	2377	2386
178	1857	2970	2391	2399
179	1869	2974	2404	2411
180	1880	2989	2417	2424
181	1894	3003	2429	2436
182	1905	3019	2444	2449
183	1917	3029	2455	2462
184	1922	3045	2468	2474
185	1936	3067	2481	2487
186	1951	3081	2491	2500
187	1964	3096	2506	2512
188	1973	3110	2517	2525
189	1981	3118	2530	2538
190	1992	3139	2542	2550
191	2000	3150	2555	2563
192	2007	3157	2567	2576
193	2022	3169	2579	2588
194	2033	3183	2592	2601
195	2050	3204	2606	2613
196	2065	3224	2618	2626
197	2075	3239	2628	2638
198	2086	3249	2642	2651
199	2100	3256	2654	2663
200	2113	3271	2667	2676
201	2125	3280	2682	2689
202	2134	3292	2697	2701
203	2147	3304	2709	2714
204	2153	3315	2723	2726
205	2163	3334	2736	2739
206	2171	3343	2749	2752
207	2184	3356	2762	2764
208	2198	3368	2774	2777
209	2212	3377	2788	2790
210	2225	3390	2800	2802
211	2241	3406	2811	2815
212	2252	3418	2823	2828
213	2264	3429	2838	2840
214	2279	3440	2848	2853
215	2288	3453	2859	2866
216	2302	3468	2871	2878
217	2311	3481	2885	2891
218	2325	3492	2898	2903
219	2335	3503	2909	2915
220	2346	3513	2922	2928
221	2356	3531	2935	2940
222	2370	3540	2947	2952
223	2385	3552	2961	2965
224	2398	3568	2972	2978
225	2412	3583	2983	2990
226	2420	3597	2994	3003
227	2428	3607	3006	3016
228	2441	3625	3020	3028
229	2456	3642	3035	3041
230	2464	3653	3051	3054
231	2471	3671	3064	3066
232	2481	3684	3077	3079
233	2489	3694	3087	3091
234	2500	3707	3099	3104
235	2509	3722	3113	3116
236	2520	3733	3128	3129
237	2530	3753	3140	3141
238	2546	3761	3154	3154
239	2562	3771	3168	3167
240	2575	3782	3181	3180
241	2584	3798	3193	3192
242	2594	3811	3204	3205
243	2601	3819	3218	3217
244	2619	3832	3231	3230
245	2633	3840	3242	3242
246	2644	3852	3256	3255
247	2655	3869	3269	3267
248	2669	3886	3283	3280
249	2677	3895	3295	3292
250	2688	3907	3305	3305
251	2699	3916	3320	3318
252	2708	3932	3334	3330
253	2721	3942	3346	3343
254	2736	3952	3357	3355
255	2752	3965	3366	3367
256	2768	3982	3380	3380
257	2776	3996	3391	3392
258	2791	4001	3404	3405
259	2806	4011	3417	3418
260	2822	4027	3429	3430
261	2830	4042	3442	3443
262	2841	4057	3456	3456
263	2852	4069	3469	3469
264	2868	4083	3483	3481
265	2879	4095	3495	3494
266	2889	4106	3508	3507
267	2897	4120	3521	3519
268	2905	4124	3533	3532
269	2911	4130	3547	3544
270	2924	4144	3558	3556
271	2935	4159	3572	3569
272	2946	4172	3586	3581
273	2961	4191	3599	3593
274	2965	4200	3612	3605
275	2977	4211	3624	3618
276	2992	4226	3636	3630
277	3000	4237	3648	3642
278	3016	4254	3661	3655
279	3031	4261	3674	3667
280	3045	4272	3688	3680
281	3054	4287	3701	3692
282	3065	4298	3716	3705
283	3078	4308	3728	3717
284	3094	4320	3739	3730
285	3111	4331	3750	3743
286	3123	4342	3763	3755
287	3134	4354	3776	3768
288	3148	4366	3790	3781
289	3158	4377	3802	3794
290	3165	4394	3816	3806
291	3182	4410	3829	3819
292	3193	4426	3842	3832
293	3205	4440	3851	3845
294	3213	4446	3866	3857
295	3223	4458	3881	3870
296	3233	4471	3891	3883
297	3242	4485	3904	3896
298	3251	4494	3919	3908
299	3264	4506	3931	3920
300	3274	4516	3942	3933
301	3283	4529	3954	3945
302	3294	4541	3969	3957
303	3314	4556	3982	3970
304	3323	4564	3994	3983
305	3329	4576	4006	3996
306	3334	4587	4020	4009
307	3347	4606	4033	4022
308	3359	4618	4046	4034
309	3372	4628	4058	4047
310	3389	4639	4072	4059
311	3405	4656	4085	4072
312	3416	4667	4100	4084
313	3428	4676	4111	4097
314	3438	4687	4124	4109
315	3445	4696	4137	4121
316	3453	4709	4149	4134
317	3462	4723	4163	4146
318	3471	4736	4175	4159
319	3478	4746	4187	4171
320	3484	4763	4200	4184
321	3495	4778	4213	4196
322	3502	4789	4226	4209
323	3517	4801	4237	4221
324	3531	4814	4249	4234
325	3539	4822	4261	4246
326	3555	4830	4272	4258
327	3569	4842	4288	4271
328	3582	4855	4299	4283
329	3593	4861	4311	4295
330	3601	4871	4322	4307
331	3606	4884	4336	4320
332	3615	4898	4351	4332
333	3630	4909	4362	4344
334	3643	4919	4372	4357
335	3659	4929	4385	4370
336	3671	4940	4399	4382
337	3682	4956	4411	4395
338	3696	4965	4423	4407
339	3708	4974	4436	4419
340	3720	4986	4450	4431
341	3725	5004	4463	4444
342	3731	5023	4479	4456
343	3745	5031	4491	4469
344	3765	5044	4502	4481
345	3782	5055	4514	4494
346	3792	5070	4528	4507
347	3802	5081	4540	4519
348	3816	5092	4553	4532
349	3828	5105	4567	4545
350	3840	5117	4580	4557
351	3853	5129	4594	4570
352	3864	5141	4605	4583
353	3875	5147	4618	4595
354	3888	5155	4631	4607
355	3898	5165	4644	4619
356	3912	5174	4657	4631
357	3928	5197	4669	4643
358	3936	5203	4682	4656
359	3945	5212	4694	4668
360	3951	5226	4707	4680
361	3956	5237	4721	4692
362	3965	5250	4734	4704
363	3976	5260	4747	4717
364	3995	5274	4761	4730
365	4012	5290	4775	4742
366	4017	5301	4787	4755
367	4037	5311	4799	4768
368	4048	5316	4813	4781
369	4060	5330	4825	4793
370	4069	5343	4837	4806
371	4079	5356	4849	4819
372	4089	5369	4862	4832
373	4097	5377	4874	4844
374	4107	5386	4888	4856
375	4115	5395	4900	4868
376	4124	5402	4911	4880
377	4133	5418	4925	4893
378	4143	5428	4938	4906
379	4165	5445	4950	4918
380	4177	5456	4963	4931
381	4189	5471	4976	4944
382	4197	5484	4988	4957
383	4209	5496	5000	4970
384	4217	5508	5013	4982
385	4229	5517	5024	4995
386	4240	5529	5038	5008
387	4257	5545	5051	5021
388	4267	5556	5063	5033
389	4287	5568	5074	5046
390	4301	5583	5088	5059
391	4309	5597	5101	5072
392	4316	5618	5115	5084
393	4336	5624	5127	5097
394	4353	5631	5139	5109
395	4366	5643	5152	5121
396	4383	5656	5164	5134
397	4393	5672	5178	5146
398	4410	5677	5191	5159
399	4426	5686	5204	5172
400	4435	5696	5218	5185
401	4442	5705	5230	5198
402	4451	5714	5245	5210
403	4471	5724	5258	5223
404	4490	5733	5270	5236
405	4502	5746	5283	5249
406	4513	5756	5295	5262
407	4524	5766	5311	5275
408	4539	5776	5325	5287
409	4552	5784	5339	5300
410	4566	5796	5352	5312
411	4574	5807	5366	5325
412	4577	5820	5379	5337
413	4586	5832	5393	5350
414	4601	5842	5405	5362
415	4612	5855	5417	5375
416	4617	5867	5428	5387
417	4623	5881	5443	5400
418	4636	5894	5455	5412
419	4650	5903	5468	5424
420	4663	5914	5482	5437
421	4673	5920	5494	5449
422	4695	5933	5507	5462
423	4704	5942	5520	5474
424	4713	5958	5532	5486
425	4719	5969	5544	5499
426	4727	5982	5557	5511
427	4737	5995	5570	5524
428	4744	6002	5583	5536
429	4753	6009	5597	5549
430	4765	6020	5611	5561
431	4777	6033	5624	5574
432	4789	6048	5636	5587
433	4799	6057	5649	5599
434	4818	6070	5660	5612
435	4825	6078	5672	5624
436	4837	6088	5684	5637
437	4851	6098	5696	5649
438	4862	6109	5708	5662
439	4869	6119	5722	5674
440	4875	6126	5736	5687
441	4888	6139	5751	5699
442	4902	6154	5763	5712
443	4919	6160	5778	5724
444	4932	6172	5790	5737
445	4941	6181	5803	5749
446	4957	6194	5813	5762
447	4965	6205	5826	5774
448	4980	6216	5837	5787
449	4994	6225	5849	5799
450	5004	6239	5863	5812
451	5018	6252	5878	5825
452	5030	6266	5892	5837
453	5044	6274	5905	5849
454	5059	6286	5917	5862
455	5068	6299	5930	5874
456	5075	6309	5942	5886
457	5084	6324	5955	5899
458	5099	6332	5969	5910
459	5108	6339	5980	5922
460	5117	6347	5992	5934
461	5126	6357	6002	5945
