depth	min	max	median	mean
14	819	1293	1034	1041
15	850	1328	1068	1077
16	877	1372	1108	1113
17	900	1413	1145	1149
18	921	1480	1179	1186
19	932	1548	1214	1222
20	944	1634	1246	1258
21	956	1718	1278	1294
22	970	1803	1307	1330
23	979	1890	1339	1367
24	988	1990	1369	1403
25	1028	2002	1407	1439
26	1070	2018	1445	1476
27	1094	2036	1484	1513
28	1121	2058	1527	1549
29	1142	2084	1571	1586
30	1155	2108	1614	1623
31	1171	2139	1654	1659
32	1192	2167	1698	1696
33	1203	2212	1739	1733
34	1216	2263	1779	1769
35	1277	2274	1808	1801
36	1318	2284	1842	1832
37	1349	2299	1875	1863
38	1383	2313	1910	1895
39	1406	2331	1945	1926
40	1427	2349	1981	1958
41	1460	2370	2016	1989
42	1485	2397	2049	2020
43	1507	2423	2081	2052
44	1533	2462	2113	2083
45	1607	2472	2138	2113
46	1689	2478	2162	2142
47	1759	2491	2187	2172
48	1833	2506	2212	2201
49	1901	2520	2239	2231
50	1967	2533	2265	2260
51	2023	2551	2292	2290
52	2069	2574	2319	2319
53	2102	2596	2345	2349
54	2129	2631	2376	2378
55	2171	2655	2406	2409
56	2195	2683	2438	2440
57	2218	2721	2469	2471
58	2236	2771	2499	2501
59	2249	2828	2528	2532
60	2261	2885	2556	2563
61	2275	2946	2585	2594
62	2290	3012	2615	2624
63	2298	3087	2643	2655
64	2309	3153	2673	2686
65	2344	3167	2703	2716
66	2377	3182	2736	2746
67	2403	3208	2767	2776
68	2422	3232	2800	2807
69	2445	3265	2833	2837
70	2463	3304	2868	2867
71	2481	3343	2900	2897
72	2492	3383	2932	2927
73	2506	3433	2964	2958
74	2520	3481	2992	2988
75	2554	3494	3021	3015
76	2583	3501	3049	3043
77	2619	3513	3076	3071
78	2646	3525	3104	3098
79	2665	3537	3135	3126
80	2685	3557	3164	3154
81	2700	3575	3197	3181
82	2718	3598	3227	3209
83	2732	3621	3260	3237
84	2743	3652	3286	3264
85	2827	3661	3314	3297
86	2907	3674	3344	3329
87	2976	3682	3373	3362
88	3046	3693	3402	3394
89	3113	3708	3432	3426
90	3171	3726	3460	3459
91	3225	3745	3492	3491
92	3272	3769	3524	3524
93	3301	3798	3556	3556
94	3333	3835	3589	3589
95	3370	3847	3613	3613
96	3401	3869	3638	3638
97	3423	3893	3662	3662
98	3435	3924	3686	3687
99	3454	3966	3712	3711
100	3467	4012	3735	3736
101	3482	4064	3756	3761
102	3492	4116	3778	3785
103	3503	4172	3800	3810
104	3511	4229	3821	3834
105	3530	4242	3842	3855
106	3554	4258	3862	3876
107	3568	4277	3884	3897
108	3583	4303	3906	3918
109	3597	4324	3927	3939
110	3608	4350	3948	3959
111	3617	4376	3971	3980
112	3627	4415	3990	4001
113	3635	4462	4011	4022
114	3641	4504	4030	4043
115	3667	4517	4053	4065
116	3694	4534	4076	4087
117	3724	4547	4099	4110
118	3741	4565	4122	4132
119	3754	4584	4146	4154
120	3767	4603	4169	4177
121	3775	4628	4192	4199
122	3786	4655	4214	4221
123	3795	4693	4236	4244
124	3804	4728	4258	4266
125	3840	4745	4280	4288
126	3864	4764	4304	4309
127	3890	4782	4327	4331
128	3909	4799	4352	4353
129	3925	4820	4374	4375
130	3947	4845	4398	4396
131	3962	4872	4421	4418
132	3978	4901	4442	4440
133	3990	4942	4462	4461
134	4002	4983	4482	4483
135	4036	4993	4504	4505
136	4064	5001	4527	4526
137	4083	5009	4550	4548
138	4111	5021	4572	4569
139	4130	5035	4593	4591
140	4143	5049	4616	4613
141	4158	5065	4641	4634
142	4174	5087	4663	4656
143	4190	5108	4686	4677
144	4204	5134	4709	4699
145	4229	5147	4730	4719
146	4253	5159	4751	4740
147	4279	5172	4774	4760
148	4308	5185	4795	4780
149	4330	5200	4816	4801
150	4352	5217	4837	4821
151	4365	5234	4858	4841
152	4382	5257	4879	4862
153	4400	5285	4899	4882
154	4410	5309	4918	4902
155	4452	5319	4938	4924
156	4480	5328	4960	4945
157	4516	5336	4983	4966
158	4549	5347	5003	4987
159	4578	5359	5027	5008
160	4607	5371	5047	5029
161	4627	5388	5071	5051
162	4645	5405	5093	5072
163	4658	5424	5114	5093
164	4667	5446	5136	5114
165	4727	5457	5154	5135
166	4770	5466	5173	5157
167	4821	5476	5193	5178
168	4865	5486	5212	5199
169	4900	5493	5231	5220
170	4939	5504	5250	5241
171	4975	5515	5270	5263
172	5005	5529	5291	5284
173	5028	5551	5313	5305
174	5046	5577	5335	5326
175	5088	5587	5355	5350
176	5131	5604	5376	5374
177	5162	5618	5399	5398
178	5183	5635	5421	5422
179	5206	5657	5446	5446
180	5228	5692	5470	5469
181	5245	5736	5492	5493
182	5262	5785	5513	5517
183	5275	5837	5535	5541
184	5285	5891	5555	5565
185	5306	5905	5576	5585
186	5320	5929	5596	5606
187	5338	5956	5616	5627
188	5354	5988	5636	5648
189	5367	6015	5658	5668
190	5379	6051	5679	5689
191	5388	6093	5699	5710
192	5396	6138	5720	5730
193	5405	6183	5737	5751
194	5415	6227	5756	5772
195	5437	6241	5780	5794
196	5461	6253	5804	5817
197	5480	6269	5828	5839
198	5497	6284	5852	5862
199	5514	6301	5876	5884
200	5526	6333	5899	5907
201	5541	6357	5923	5929
202	5556	6384	5948	5952
203	5568	6416	5972	5974
204	5573	6446	5992	5997
205	5609	6460	6011	6019
206	5634	6481	6032	6040
207	5659	6495	6056	6062
208	5681	6510	6080	6084
209	5701	6529	6103	6106
210	5717	6548	6127	6128
211	5730	6567	6152	6150
212	5744	6591	6175	6172
213	5760	6612	6197	6194
214	5771	6644	6219	6216
215	5810	6658	6240	6238
216	5844	6665	6260	6259
217	5873	6676	6281	6281
218	5900	6692	6302	6303
219	5918	6701	6327	6324
220	5940	6718	6352	6346
221	5961	6738	6376	6368
222	5979	6762	6401	6390
223	5993	6785	6424	6411
224	6003	6816	6445	6433
225	6057	6822	6465	6456
226	6109	6828	6485	6478
227	6151	6840	6505	6501
228	6194	6848	6526	6524
229	6225	6860	6548	6546
230	6257	6873	6570	6569
231	6288	6889	6594	6592
232	6318	6909	6618	6614
233	6338	6929	6641	6637
234	6354	6954	6663	6660
235	6412	6967	6687	6686
236	6461	6987	6711	6711
237	6491	7005	6733	6737
238	6522	7031	6758	6763
239	6545	7060	6786	6789
240	6564	7089	6811	6815
241	6584	7127	6835	6841
242	6594	7183	6856	6867
243	6610	7239	6879	6893
244	6622	7300	6901	6919
245	6645	7323	6927	6946
246	6673	7352	6956	6973
247	6692	7382	6985	7000
248	6708	7420	7013	7027
249	6723	7458	7039	7053
250	6735	7505	7068	7080
251	6746	7550	7095	7107
252	6756	7600	7118	7134
253	6766	7652	7141	7161
254	6777	7711	7164	7187
255	6808	7732	7193	7214
256	6831	7749	7219	7240
257	6851	7767	7249	7266
258	6874	7795	7276	7292
259	6888	7819	7306	7318
260	6901	7840	7336	7344
261	6918	7871	7365	7370
262	6932	7901	7393	7397
263	6945	7936	7421	7423
264	6954	7966	7450	7449
265	7006	7987	7483	7480
266	7039	8000	7514	7512
267	7070	8011	7545	7544
268	7097	8034	7581	7575
269	7127	8049	7614	7607
270	7141	8070	7647	7638
271	7161	8096	7682	7670
272	7175	8133	7716	7701
273	7193	8168	7749	7733
274	7206	8212	7783	7764
275	7257	8222	7811	7792
276	7305	8232	7838	7821
277	7338	8244	7868	7849
278	7367	8262	7899	7877
279	7403	8277	7928	7905
280	7424	8295	7956	7933
281	7451	8312	7987	7962
282	7469	8336	8019	7990
283	7484	8367	8048	8018
284	7504	8399	8081	8046
285	7573	8412	8102	8073
286	7642	8420	8126	8100
287	7709	8428	8147	8126
288	7769	8440	8171	8153
289	7831	8451	8196	8179
290	7882	8467	8221	8206
291	7926	8481	8246	8233
292	7965	8501	8271	8259
293	7994	8519	8298	8286
294	8015	8549	8323	8313
295	8059	8557	8342	8334
296	8101	8571	8361	8355
297	8136	8582	8381	8376
298	8164	8599	8402	8398
299	8184	8617	8425	8419
300	8200	8645	8446	8440
301	8217	8681	8465	8462
302	8230	8723	8483	8483
303	8244	8775	8501	8504
304	8258	8823	8520	8525
305	8277	8836	8535	8541
306	8294	8850	8552	8557
307	8307	8860	8569	8572
308	8321	8872	8585	8588
309	8330	8890	8602	8604
310	8341	8909	8615	8619
311	8352	8928	8631	8635
312	8361	8949	8646	8651
313	8367	8981	8661	8666
314	8377	9008	8677	8682
315	8398	9023	8694	8699
316	8419	9035	8712	8717
317	8441	9043	8730	8734
318	8455	9059	8747	8751
319	8468	9074	8766	8768
320	8484	9091	8784	8786
321	8495	9109	8802	8803
322	8505	9131	8820	8820
323	8514	9152	8836	8837
324	8523	9179	8854	8855
325	8555	9186	8870	8872
326	8578	9195	8887	8889
327	8600	9204	8905	8906
328	8622	9218	8924	8923
329	8641	9230	8942	8940
330	8655	9243	8962	8958
331	8664	9253	8980	8975
332	8675	9272	9000	8992
333	8684	9292	9018	9009
334	8694	9315	9036	9026
335	8728	9321	9051	9043
336	8759	9327	9067	9060
337	8788	9335	9082	9078
338	8818	9344	9100	9095
339	8851	9352	9116	9112
340	8872	9361	9133	9129
341	8884	9373	9152	9147
342	8901	9390	9170	9164
343	8918	9403	9188	9181
344	8930	9425	9207	9198
345	8958	9432	9221	9214
346	8979	9444	9238	9230
347	9003	9453	9253	9245
348	9023	9466	9270	9261
349	9038	9483	9285	9277
350	9052	9502	9299	9293
351	9064	9521	9313	9308
352	9078	9547	9327	9324
353	9089	9582	9341	9340
354	9096	9615	9356	9355
355	9116	9627	9370	9369
356	9129	9640	9383	9383
357	9142	9653	9398	9398
358	9155	9668	9412	9412
359	9165	9687	9426	9426
360	9173	9706	9442	9440
361	9179	9727	9454	9454
362	9185	9752	9468	9468
363	9194	9780	9480	9482
364	9199	9806	9493	9496
365	9221	9815	9508	9510
366	9236	9826	9523	9524
367	9247	9837	9537	9537
368	9257	9851	9552	9551
369	9268	9869	9566	9565
370	9276	9882	9581	9579
371	9286	9904	9593	9593
372	9295	9923	9606	9607
373	9303	9944	9619	9621
374	9310	9966	9632	9635
375	9328	9977	9646	9649
376	9346	9988	9661	9663
377	9365	9997	9677	9677
378	9379	10009	9693	9691
379	9389	10021	9709	9706
380	9399	10031	9723	9720
381	9412	10045	9738	9734
382	9424	10063	9754	9748
383	9432	10079	9769	9762
384	9438	10097	9783	9776
385	9456	10105	9796	9790
386	9473	10113	9809	9804
387	9485	10123	9822	9818
388	9502	10136	9837	9831
389	9512	10147	9851	9845
390	9525	10158	9866	9859
391	9535	10171	9879	9872
392	9542	10186	9894	9886
393	9549	10204	9908	9900
394	9556	10219	9922	9914
395	9584	10225	9936	9928
396	9611	10233	9948	9942
397	9637	10243	9962	9957
398	9657	10252	9976	9971
399	9673	10263	9991	9985
400	9692	10273	10005	9999
401	9703	10283	10020	10014
402	9715	10297	10035	10028
403	9728	10315	10048	10042
404	9737	10331	10063	10057
405	9770	10337	10075	10071
406	9797	10344	10089	10086
407	9825	10350	10103	10101
408	9850	10358	10116	10115
409	9870	10366	10130	10130
410	9890	10376	10144	10144
411	9909	10386	10158	10159
412	9924	10399	10174	10174
413	9935	10416	10188	10188
414	9946	10437	10204	10203
415	9970	10444	10216	10217
416	9989	10454	10229	10231
417	10011	10465	10243	10245
418	10025	10474	10256	10258
419	10038	10486	10271	10272
420	10050	10499	10284	10286
421	10067	10518	10298	10300
422	10081	10540	10313	10314
423	10093	10563	10327	10328
424	10102	10587	10339	10342
425	10116	10595	10351	10354
426	10128	10605	10364	10366
427	10143	10615	10377	10379
428	10154	10629	10389	10391
429	10161	10642	10402	10403
430	10168	10662	10414	10415
431	10177	10678	10426	10427
432	10186	10692	10436	10439
433	10196	10707	10447	10452
434	10202	10731	10460	10464
435	10216	10742	10471	10476
436	10230	10750	10485	10488
437	10245	10761	10499	10500
438	10257	10772	10513	10512
439	10265	10785	10525	10524
440	10273	10796	10538	10537
441	10282	10813	10550	10549
442	10290	10833	10562	10561
443	10298	10850	10573	10573
444	10304	10871	10584	10585
445	10323	10879	10596	10597
446	10338	10888	10608	10609
447	10349	10898	10621	10621
448	10361	10904	10633	10633
449	10372	10915	10646	10645
450	10380	10926	10658	10657
451	10391	10940	10671	10668
452	10397	10954	10683	10680
453	10404	10973	10695	10692
454	10411	10990	10707	10704
455	10429	10995	10719	10716
456	10446	11003	10731	10729
457	10458	11008	10744	10741
458	10474	11014	10758	10753
459	10486	11022	10770	10765
460	10498	11031	10784	10777
461	10507	11040	10797	10789
462	10516	11053	10809	10802
463	10521	11074	10822	10814
464	10530	11089	10833	10826
465	10556	11095	10845	10838
466	10573	11101	10857	10850
467	10588	11107	10869	10862
468	10605	11114	10881	10875
469	10618	11121	10893	10887
470	10630	11133	10904	10899
471	10640	11145	10918	10911
472	10655	11156	10931	10923
473	10663	11168	10945	10935
474	10672	11182	10956	10948
475	10692	11187	10968	10960
476	10718	11193	10980	10972
477	10735	11202	10990	10984
478	10753	11208	11002	10996
479	10769	11215	11014	11008
480	10787	11228	11026	11020
481	10798	11241	11039	11032
482	10808	11250	11052	11044
483	10817	11264	11064	11056
484	10825	11277	11077	11068
485	10842	11282	11088	11079
486	10861	11293	11099	11091
487	10879	11310	11110	11103
488	10893	11321	11121	11115
489	10909	11332	11133	11127
490	10919	11345	11144	11139
491	10927	11361	11155	11151
492	10936	11379	11166	11163
493	10944	11399	11176	11175
494	10950	11419	11186	11187
495	10969	11429	11198	11199
496	10989	11440	11209	11211
497	11007	11449	11220	11223
498	11020	11458	11232	11235
499	11035	11474	11243	11247
500	11045	11486	11255	11259
501	11056	11502	11266	11271
502	11067	11519	11277	11283
503	11079	11541	11288	11295
504	11085	11564	11300	11307
505	11107	11574	11311	11320
506	11126	11584	11324	11333
507	11147	11594	11336	11346
508	11160	11604	11348	11359
509	11174	11614	11361	11372
510	11189	11630	11374	11385
511	11201	11649	11386	11398
512	11210	11675	11399	11411
513	11218	11698	11411	11424
514	11225	11724	11424	11437
515	11240	11736	11440	11451
516	11251	11751	11456	11466
517	11262	11764	11471	11480
518	11272	11776	11487	11495
519	11280	11789	11502	11509
520	11289	11806	11517	11524
521	11296	11832	11531	11539
522	11304	11863	11545	11553
523	11309	11891	11558	11568
524	11313	11923	11571	11582
525	11331	11932	11588	11598
526	11344	11944	11606	11615
527	11356	11961	11623	11631
528	11366	11970	11641	11647
529	11375	11989	11656	11663
530	11386	12012	11674	11679
531	11393	12034	11689	11695
532	11400	12058	11705	11712
533	11405	12089	11720	11728
534	11411	12116	11735	11744
535	11438	12127	11752	11761
536	11457	12136	11771	11777
537	11474	12151	11789	11794
538	11486	12164	11806	11810
539	11501	12179	11824	11827
540	11509	12195	11842	11843
541	11521	12211	11861	11860
542	11529	12231	11878	11876
543	11537	12255	11893	11893
544	11545	12279	11910	11909
545	11570	12286	11928	11925
546	11590	12299	11943	11940
547	11605	12307	11960	11955
548	11619	12316	11976	11971
549	11632	12329	11992	11986
550	11644	12341	12006	12001
551	11658	12358	12021	12017
552	11671	12373	12039	12032
553	11682	12390	12053	12047
554	11692	12412	12068	12063
555	11714	12421	12083	12078
556	11733	12430	12099	12093
557	11753	12435	12115	12109
558	11769	12443	12130	12124
559	11786	12454	12146	12139
560	11801	12467	12162	12155
561	11817	12479	12177	12170
562	11829	12492	12193	12185
563	11842	12510	12210	12201
564	11852	12525	12226	12216
565	11875	12533	12240	12231
566	11903	12540	12255	12246
567	11922	12548	12271	12260
568	11938	12556	12285	12275
569	11952	12566	12298	12290
570	11965	12576	12315	12305
571	11978	12588	12330	12319
572	11991	12599	12346	12334
573	12004	12613	12361	12349
574	12015	12633	12376	12364
575	12051	12639	12392	12380
576	12087	12644	12406	12396
577	12123	12649	12420	12412
578	12165	12657	12434	12428
579	12190	12665	12450	12444
580	12215	12673	12466	12460
581	12238	12683	12482	12476
582	12257	12693	12498	12492
583	12279	12705	12515	12508
584	12292	12719	12533	12524
585	12334	12728	12550	12544
586	12377	12735	12568	12564
587	12412	12745	12587	12584
588	12446	12757	12606	12604
589	12473	12770	12625	12624
590	12494	12788	12645	12644
591	12513	12809	12666	12663
592	12526	12834	12686	12683
593	12540	12870	12705	12703
594	12547	12900	12724	12723
595	12561	12914	12739	12737
596	12572	12927	12752	12751
597	12583	12946	12766	12764
598	12592	12968	12779	12778
599	12600	12991	12792	12792
600	12610	13020	12803	12806
601	12622	13049	12815	12820
602	12628	13081	12828	12833
603	12633	13111	12840	12847
604	12640	13145	12851	12861
605	12654	13159	12865	12874
606	12669	13170	12879	12888
607	12680	13184	12892	12902
608	12690	13201	12904	12915
609	12697	13220	12919	12929
610	12705	13239	12932	12942
611	12712	13264	12945	12956
612	12721	13285	12959	12969
613	12727	13309	12972	12983
614	12732	13332	12984	12997
615	12749	13345	12998	13010
616	12761	13356	13011	13024
617	12771	13369	13025	13038
618	12781	13383	13039	13051
619	12790	13398	13052	13065
620	12798	13413	13067	13079
621	12805	13432	13080	13093
622	12809	13455	13094	13106
623	12818	13476	13107	13120
624	12824	13502	13120	13134
625	12841	13510	13132	13147
626	12858	13523	13146	13160
627	12870	13536	13160	13173
628	12882	13552	13173	13186
629	12891	13567	13187	13199
630	12899	13585	13200	13213
631	12907	13600	13214	13226
632	12914	13614	13228	13239
633	12920	13637	13241	13252
634	12925	13661	13254	13265
635	12946	13670	13266	13278
636	12965	13676	13280	13291
637	12980	13688	13293	13305
638	12992	13696	13309	13318
639	13004	13711	13322	13331
640	13016	13723	13336	13344
641	13027	13739	13350	13357
642	13036	13757	13362	13370
643	13044	13771	13375	13384
644	13051	13799	13388	13397
645	13070	13805	13401	13410
646	13088	13816	13416	13424
647	13104	13823	13429	13437
648	13115	13834	13443	13451
649	13130	13847	13457	13464
650	13142	13861	13473	13478
651	13153	13879	13486	13492
652	13163	13898	13499	13505
653	13170	13914	13514	13519
654	13178	13932	13528	13532
655	13200	13943	13540	13545
656	13216	13952	13552	13558
657	13230	13959	13565	13571
658	13244	13970	13578	13584
659	13255	13985	13590	13597
660	13267	13999	13603	13610
661	13280	14015	13616	13623
662	13289	14032	13629	13635
663	13299	14056	13644	13648
664	13310	14071	13659	13661
665	13331	14079	13671	13675
666	13352	14087	13683	13688
667	13369	14099	13696	13702
668	13383	14109	13709	13715
669	13404	14124	13723	13728
670	13419	14132	13736	13742
671	13430	14150	13750	13755
672	13441	14165	13763	13769
673	13448	14183	13777	13782
674	13458	14201	13791	13796
675	13485	14211	13802	13809
676	13511	14219	13813	13823
677	13536	14229	13825	13837
678	13557	14240	13839	13850
679	13575	14249	13854	13864
680	13591	14263	13868	13878
681	13603	14274	13882	13891
682	13617	14287	13896	13905
683	13631	14304	13909	13919
684	13638	14322	13923	13932
685	13662	14336	13942	13952
686	13680	14350	13960	13972
687	13697	14368	13980	13992
688	13711	14391	13998	14012
689	13720	14415	14017	14031
690	13736	14441	14035	14051
691	13745	14469	14054	14071
692	13757	14501	14073	14091
693	13766	14535	14089	14110
694	13775	14582	14107	14130
695	13807	14594	14126	14150
696	13832	14606	14145	14170
697	13854	14624	14167	14190
698	13874	14638	14187	14210
699	13892	14655	14208	14230
700	13904	14683	14228	14250
701	13919	14709	14249	14270
702	13931	14728	14267	14290
703	13944	14753	14285	14310
704	13958	14784	14305	14330
705	13993	14800	14331	14356
706	14021	14821	14357	14383
707	14047	14840	14384	14410
708	14070	14878	14412	14437
709	14090	14915	14440	14463
710	14105	14958	14468	14490
711	14119	15002	14493	14517
712	14129	15042	14517	14543
713	14140	15102	14545	14570
714	14149	15169	14570	14597
715	14189	15188	14601	14629
716	14221	15210	14639	14661
717	14251	15238	14674	14693
718	14274	15264	14707	14725
719	14284	15299	14745	14757
720	14302	15333	14778	14789
721	14324	15373	14812	14821
722	14337	15429	14843	14853
723	14354	15488	14875	14884
724	14371	15547	14906	14916
725	14416	15569	14940	14951
726	14456	15592	14976	14985
727	14491	15615	15011	15019
728	14517	15640	15049	15053
729	14539	15665	15085	15087
730	14558	15692	15122	15121
731	14580	15734	15160	15155
732	14600	15778	15197	15189
733	14620	15827	15235	15223
734	14638	15875	15266	15257
735	14683	15893	15295	15288
736	14723	15908	15326	15319
737	14767	15929	15356	15349
738	14803	15948	15389	15380
739	14824	15967	15422	15411
740	14851	15995	15457	15442
741	14886	16022	15487	15472
742	14903	16053	15520	15503
743	14919	16082	15550	15534
744	14944	16110	15579	15564
745	15002	16131	15609	15596
746	15063	16149	15636	15627
747	15125	16169	15666	15659
748	15186	16184	15695	15690
749	15229	16208	15724	15722
750	15274	16229	15753	15753
751	15315	16258	15784	15785
752	15352	16280	15816	15816
753	15384	16311	15848	15847
754	15405	16350	15877	15879
755	15464	16369	15910	15913
756	15523	16386	15945	15948
757	15573	16402	15980	15982
758	15606	16422	16018	16017
759	15632	16453	16053	16051
760	15655	16489	16092	16086
761	15681	16531	16125	16120
762	15704	16591	16159	16155
763	15722	16650	16190	16189
764	15744	16720	16223	16224
765	15782	16741	16254	16256
766	15817	16766	16285	16287
767	15840	16793	16318	16319
768	15862	16832	16352	16351
769	15875	16865	16385	16383
770	15896	16906	16416	16414
771	15912	16965	16447	16446
772	15928	17024	16478	16478
773	15945	17086	16508	16510
774	15960	17147	16538	16541
775	16012	17168	16571	16575
776	16057	17194	16605	16609
777	16102	17214	16641	16643
778	16141	17246	16677	16677
779	16167	17267	16711	16711
780	16194	17303	16747	16745
781	16220	17335	16783	16779
782	16243	17374	16816	16813
783	16266	17418	16849	16846
784	16287	17477	16885	16880
785	16337	17492	16916	16913
786	16386	17511	16948	16945
787	16439	17529	16980	16977
788	16486	17556	17012	17009
789	16525	17580	17043	17042
790	16554	17606	17075	17074
791	16584	17639	17109	17106
792	16611	17666	17142	17138
793	16642	17703	17173	17171
794	16670	17743	17205	17203
795	16740	17761	17235	17239
796	16806	17788	17266	17274
797	16868	17801	17295	17310
798	16932	17819	17328	17346
799	16992	17843	17362	17381
800	17037	17869	17395	17417
801	17075	17904	17434	17453
802	17108	17951	17474	17489
803	17135	18017	17507	17524
804	17152	18071	17543	17560
805	17207	18107	17599	17615
806	17240	18162	17660	17670
807	17273	18241	17715	17725
808	17302	18326	17770	17779
809	17320	18425	17820	17834
810	17338	18552	17867	17889
811	17351	18682	17913	17944
812	17363	18822	17960	17999
813	17381	18962	18005	18054
814	17394	19099	18055	18108
815	17479	19139	18115	18168
816	17546	19165	18179	18228
817	17583	19212	18243	18289
818	17630	19266	18315	18349
819	17664	19315	18383	18409
820	17697	19381	18444	18469
821	17725	19468	18507	18529
822	17747	19553	18570	18589
823	17770	19634	18631	18649
824	17797	19752	18691	18709
825	17878	19792	18746	18768
826	17947	19812	18808	18826
827	17999	19848	18868	18885
828	18057	19888	18933	18944
829	18089	19940	19000	19002
830	18121	19983	19073	19061
831	18147	20028	19138	19120
832	18181	20081	19199	19178
833	18208	20162	19262	19237
834	18235	20241	19322	19296
835	18331	20274	19381	19355
836	18419	20303	19441	19414
837	18504	20327	19502	19473
838	18585	20350	19563	19532
839	18655	20383	19622	19591
840	18702	20424	19688	19650
841	18752	20461	19754	19709
842	18811	20502	19813	19768
843	18842	20559	19871	19827
844	18884	20630	19931	19886
845	19018	20646	19974	19937
846	19130	20661	20021	19989
847	19257	20679	20066	20040
848	19352	20706	20110	20091
849	19440	20734	20160	20142
850	19526	20763	20211	20194
851	19591	20795	20259	20245
852	19656	20832	20310	20296
853	19706	20883	20365	20347
854	19738	20933	20417	20398
855	19854	20960	20464	20451
856	19963	21003	20512	20503
857	20039	21047	20563	20555
858	20099	21096	20615	20608
859	20145	21147	20668	20660
860	20177	21229	20717	20712
861	20207	21328	20764	20765
862	20240	21422	20808	20817
863	20270	21540	20852	20869
864	20296	21658	20894	20922
865	20355	21708	20943	20970
866	20385	21764	20994	21018
867	20420	21830	21043	21066
868	20450	21891	21090	21114
869	20473	21961	21137	21162
870	20492	22044	21183	21210
871	20516	22138	21227	21258
872	20545	22217	21268	21306
873	20573	22310	21316	21354
874	20592	22428	21360	21402
875	20654	22464	21412	21449
876	20698	22511	21459	21497
877	20733	22560	21507	21544
878	20758	22612	21555	21592
879	20785	22662	21612	21640
880	20810	22727	21660	21687
881	20839	22808	21710	21735
882	20863	22912	21755	21783
883	20882	22973	21804	21830
884	20910	23058	21846	21878
885	20965	23097	21894	21926
886	21013	23134	21943	21974
887	21060	23170	21992	22023
888	21095	23214	22045	22071
889	21133	23269	22097	22119
890	21167	23316	22146	22167
891	21191	23376	22200	22215
892	21220	23438	22249	22264
893	21241	23530	22292	22312
894	21267	23591	22340	22360
895	21335	23607	22386	22407
896	21396	23640	22432	22453
897	21450	23668	22477	22499
898	21495	23697	22527	22546
899	21524	23739	22579	22592
900	21559	23788	22632	22638
901	21598	23832	22680	22685
902	21627	23902	22733	22731
903	21652	23962	22776	22778
904	21679	24018	22818	22824
905	21725	24047	22865	22870
906	21781	24068	22915	22916
907	21815	24107	22967	22962
908	21856	24142	23017	23008
909	21897	24172	23060	23054
910	21929	24204	23105	23100
911	21974	24235	23152	23146
912	21999	24280	23205	23192
913	22035	24336	23252	23238
914	22067	24406	23294	23284
915	22140	24429	23339	23332
916	22186	24454	23393	23379
917	22239	24478	23443	23427
918	22279	24506	23502	23474
919	22329	24541	23557	23521
920	22370	24577	23609	23569
921	22401	24619	23659	23616
922	22439	24662	23705	23663
923	22468	24717	23749	23711
924	22494	24786	23797	23758
925	22569	24801	23844	23805
926	22646	24823	23889	23851
927	22724	24840	23935	23898
928	22784	24858	23988	23944
929	22846	24880	24036	23991
930	22898	24909	24085	24037
931	22946	24940	24136	24084
932	22989	24978	24188	24130
933	23030	25034	24237	24177
934	23054	25085	24282	24223
935	23158	25102	24327	24270
936	23230	25123	24376	24317
937	23296	25143	24418	24363
938	23360	25170	24465	24410
939	23420	25201	24511	24456
940	23482	25228	24560	24503
941	23528	25263	24609	24550
942	23577	25303	24658	24596
943	23612	25353	24704	24643
944	23636	25397	24749	24689
945	23762	25413	24787	24736
946	23873	25429	24828	24783
947	23991	25449	24870	24829
948	24095	25465	24913	24876
949	24174	25489	24956	24923
950	24259	25517	24998	24969
951	24326	25547	25042	25016
952	24362	25582	25088	25063
953	24416	25615	25137	25109
954	24469	25663	25187	25156
955	24532	25685	25220	25192
956	24578	25703	25253	25228
957	24626	25727	25287	25264
958	24673	25759	25324	25300
959	24709	25791	25360	25336
960	24737	25834	25398	25372
961	24772	25889	25431	25408
962	24806	25961	25462	25444
963	24838	26027	25495	25480
964	24860	26108	25527	25516
965	24898	26133	25556	25545
966	24921	26159	25586	25575
967	24952	26186	25615	25604
968	24984	26224	25644	25633
969	25003	26253	25674	25662
970	25023	26293	25702	25691
971	25039	26341	25729	25720
972	25054	26389	25756	25749
973	25073	26439	25782	25778
974	25085	26509	25812	25808
975	25129	26528	25840	25838
976	25157	26549	25871	25868
977	25185	26580	25903	25898
978	25208	26610	25934	25928
979	25238	26651	25968	25957
980	25265	26695	25995	25987
981	25290	26738	26027	26017
982	25310	26792	26051	26047
983	25328	26850	26077	26077
984	25343	26910	26106	26107
985	25383	26931	26135	26137
986	25410	26955	26163	26166
987	25433	26978	26194	26195
988	25466	27000	26224	26224
989	25496	27028	26250	26253
990	25522	27053	26280	26283
991	25551	27078	26310	26312
992	25573	27110	26343	26341
993	25589	27160	26371	26370
994	25601	27205	26397	26400
995	25661	27229	26426	26430
996	25690	27262	26455	26461
997	25724	27280	26491	26492
998	25750	27309	26523	26523
999	25791	27330	26556	26553
1000	25818	27359	26586	26584
1001	25849	27393	26620	26615
1002	25878	27436	26654	26646
1003	25900	27465	26684	26677
1004	25924	27503	26713	26707
1005	25949	27526	26740	26737
1006	25983	27542	26766	26766
1007	26007	27561	26793	26796
1008	26033	27584	26823	26825
1009	26066	27611	26855	26854
1010	26094	27649	26886	26884
1011	26118	27678	26918	26913
1012	26141	27715	26950	26942
1013	26160	27748	26984	26972
1014	26179	27788	27013	27001
1015	26232	27810	27041	27032
1016	26284	27826	27071	27063
1017	26323	27857	27103	27094
1018	26355	27878	27132	27125
1019	26392	27908	27159	27156
1020	26420	27924	27189	27187
1021	26443	27955	27221	27218
1022	26471	27985	27253	27249
1023	26503	28025	27285	27280
1024	26534	28066	27313	27311
1025	26581	28081	27340	27341
1026	26634	28099	27367	27371
1027	26684	28113	27395	27401
1028	26727	28139	27429	27431
1029	26771	28158	27456	27461
1030	26804	28182	27486	27492
1031	26834	28210	27515	27522
1032	26855	28239	27545	27552
1033	26880	28276	27577	27582
1034	26908	28315	27608	27612
1035	26966	28329	27631	27641
1036	27023	28340	27658	27670
1037	27076	28357	27686	27698
1038	27120	28373	27713	27727
1039	27162	28396	27741	27756
1040	27199	28414	27769	27785
1041	27233	28439	27794	27814
1042	27265	28476	27825	27843
1043	27290	28512	27855	27872
1044	27316	28546	27886	27900
1045	27359	28559	27915	27934
1046	27386	28578	27949	27967
1047	27415	28601	27986	28000
1048	27444	28619	28021	28033
1049	27475	28654	28058	28066
1050	27488	28690	28094	28099
1051	27510	28740	28128	28132
1052	27535	28794	28161	28165
1053	27552	28845	28195	28199
1054	27569	28906	28226	28232
1055	27632	28929	28261	28265
1056	27667	28948	28295	28299
1057	27709	28964	28332	28332
1058	27747	28993	28368	28366
1059	27780	29022	28405	28400
1060	27804	29050	28437	28433
1061	27827	29095	28473	28467
1062	27849	29143	28508	28501
1063	27872	29187	28543	28534
1064	27895	29229	28578	28568
1065	27948	29248	28610	28601
1066	27996	29261	28643	28634
1067	28040	29290	28674	28668
1068	28080	29312	28706	28701
1069	28112	29334	28738	28734
1070	28141	29367	28770	28768
1071	28169	29394	28808	28801
1072	28195	29429	28844	28834
1073	28210	29463	28878	28868
1074	28234	29509	28914	28901
1075	28273	29529	28941	28928
1076	28305	29555	28968	28956
1077	28324	29583	28996	28983
1078	28344	29617	29022	29010
1079	28363	29642	29052	29037
1080	28381	29674	29081	29065
1081	28396	29704	29104	29092
1082	28411	29745	29131	29119
1083	28429	29792	29155	29146
1084	28446	29838	29181	29174
1085	28476	29863	29204	29199
1086	28498	29892	29230	29224
1087	28517	29931	29254	29249
1088	28529	29959	29279	29274
1089	28545	29996	29304	29300
1090	28568	30033	29331	29325
1091	28585	30079	29356	29350
1092	28608	30125	29378	29375
1093	28625	30158	29400	29400
1094	28636	30209	29423	29426
1095	28660	30230	29446	29452
1096	28685	30257	29471	29478
1097	28708	30291	29495	29504
1098	28726	30333	29520	29530
1099	28759	30368	29549	29556
1100	28774	30400	29573	29582
1101	28790	30442	29596	29608
1102	28819	30487	29619	29634
1103	28842	30537	29644	29660
1104	28858	30592	29669	29686
1105	28880	30610	29693	29710
1106	28911	30633	29718	29734
1107	28937	30652	29741	29759
1108	28965	30680	29767	29783
1109	28980	30709	29794	29807
1110	28997	30744	29820	29832
1111	29013	30778	29843	29856
1112	29030	30797	29868	29880
1113	29045	30838	29890	29904
1114	29056	30878	29914	29929
1115	29091	30900	29944	29956
1116	29114	30929	29969	29982
1117	29137	30969	29996	30009
1118	29162	31003	30022	30036
1119	29179	31031	30051	30063
1120	29195	31075	30077	30090
1121	29205	31104	30102	30117
1122	29230	31137	30126	30144
1123	29254	31180	30155	30170
1124	29273	31224	30179	30197
1125	29294	31244	30206	30223
1126	29319	31264	30232	30248
1127	29338	31296	30259	30274
1128	29354	31333	30282	30299
1129	29371	31380	30309	30325
1130	29393	31400	30334	30350
1131	29417	31417	30359	30376
1132	29437	31442	30387	30401
1133	29447	31474	30412	30427
1134	29460	31522	30435	30452
1135	29494	31541	30463	30477
1136	29527	31576	30491	30502
1137	29553	31595	30517	30527
1138	29574	31633	30543	30552
1139	29591	31658	30570	30577
1140	29611	31694	30593	30603
1141	29633	31729	30616	30628
1142	29650	31767	30636	30653
1143	29662	31792	30662	30678
1144	29677	31831	30683	30703
1145	29705	31859	30708	30728
1146	29737	31867	30732	30754
1147	29754	31889	30758	30779
1148	29775	31923	30787	30804
1149	29798	31958	30813	30830
1150	29820	31991	30841	30855
1151	29835	32039	30870	30881
1152	29847	32081	30895	30906
1153	29872	32104	30927	30931
1154	29890	32133	30948	30957
1155	29924	32156	30974	30983
1156	29958	32178	30998	31009
1157	29979	32208	31026	31035
1158	30003	32238	31051	31061
1159	30028	32257	31076	31087
1160	30051	32284	31104	31113
1161	30070	32312	31128	31139
1162	30096	32341	31151	31165
1163	30121	32383	31176	31191
1164	30138	32408	31201	31217
1165	30170	32428	31226	31243
1166	30200	32446	31251	31269
1167	30213	32486	31278	31295
1168	30232	32512	31302	31322
1169	30258	32546	31328	31348
1170	30281	32582	31357	31374
1171	30299	32609	31383	31400
1172	30317	32651	31411	31426
1173	30329	32690	31438	31452
1174	30350	32730	31465	31478
1175	30383	32743	31489	31504
1176	30415	32761	31511	31529
1177	30433	32771	31538	31555
1178	30447	32786	31566	31581
1179	30470	32815	31593	31606
1180	30494	32836	31624	31632
1181	30514	32857	31652	31657
1182	30543	32890	31681	31683
1183	30563	32928	31705	31708
1184	30588	32966	31729	31734
1185	30609	32997	31754	31759
1186	30634	33016	31779	31785
1187	30661	33032	31809	31810
1188	30694	33060	31835	31836
1189	30705	33091	31859	31861
1190	30728	33121	31887	31886
1191	30751	33143	31916	31912
1192	30765	33175	31938	31937
1193	30784	33205	31964	31963
1194	30794	33230	31984	31988
1195	30831	33257	32014	32014
1196	30868	33281	32042	32039
1197	30891	33304	32066	32065
1198	30913	33332	32087	32090
1199	30940	33355	32115	32116
1200	30961	33381	32142	32141
1201	30983	33412	32167	32167
1202	31006	33442	32189	32192
1203	31031	33475	32211	32218
1204	31054	33519	32238	32243
1205	31085	33535	32265	32270
1206	31116	33554	32291	32296
1207	31138	33570	32323	32323
1208	31162	33580	32347	32350
1209	31180	33616	32373	32376
1210	31210	33652	32402	32403
1211	31230	33679	32427	32430
1212	31252	33707	32455	32456
1213	31278	33749	32479	32483
1214	31299	33785	32506	32510
1215	31325	33801	32535	32535
1216	31347	33817	32561	32561
1217	31365	33840	32588	32586
1218	31390	33862	32613	32612
1219	31415	33877	32641	32638
1220	31432	33900	32668	32663
1221	31452	33916	32696	32689
1222	31475	33945	32719	32714
1223	31492	33975	32743	32740
1224	31515	34018	32772	32765
1225	31545	34037	32801	32791
1226	31576	34048	32825	32817
1227	31597	34069	32848	32843
1228	31624	34091	32875	32869
1229	31644	34120	32898	32895
1230	31665	34144	32925	32921
1231	31690	34180	32950	32947
1232	31707	34201	32979	32973
1233	31731	34225	33004	32999
1234	31748	34239	33026	33025
1235	31773	34251	33051	33049
1236	31792	34269	33080	33073
1237	31822	34292	33104	33098
1238	31867	34311	33126	33122
1239	31899	34333	33151	33146
1240	31928	34354	33171	33170
1241	31939	34387	33196	33195
1242	31960	34424	33219	33219
1243	31974	34459	33243	33243
1244	31991	34476	33270	33267
1245	32029	34497	33297	33292
1246	32063	34519	33321	33317
1247	32094	34546	33347	33342
1248	32114	34562	33374	33367
1249	32134	34587	33397	33392
1250	32168	34609	33426	33416
1251	32189	34647	33452	33441
1252	32203	34667	33479	33466
1253	32216	34699	33501	33491
1254	32241	34727	33525	33516
1255	32274	34751	33549	33541
1256	32292	34766	33571	33566
1257	32322	34779	33593	33590
1258	32346	34794	33619	33615
1259	32368	34808	33648	33640
1260	32382	34839	33674	33665
1261	32404	34857	33699	33690
1262	32420	34895	33730	33715
1263	32433	34918	33758	33740
1264	32454	34947	33784	33765
1265	32487	34962	33805	33789
1266	32522	34971	33829	33813
1267	32545	34995	33853	33838
1268	32558	35010	33877	33862
1269	32578	35027	33903	33886
1270	32605	35046	33926	33911
1271	32636	35065	33952	33935
1272	32653	35084	33978	33959
1273	32670	35112	34005	33984
1274	32694	35140	34033	34008
1275	32724	35157	34057	34034
1276	32767	35183	34080	34060
1277	32798	35200	34106	34085
1278	32817	35230	34131	34111
1279	32843	35250	34161	34137
1280	32868	35280	34188	34163
1281	32888	35324	34219	34189
1282	32918	35345	34243	34215
1283	32949	35364	34271	34240
1284	32978	35388	34296	34266
1285	33007	35412	34317	34291
1286	33032	35429	34340	34316
1287	33057	35448	34363	34340
1288	33092	35478	34389	34365
1289	33129	35497	34410	34390
1290	33152	35516	34436	34414
1291	33188	35544	34459	34439
1292	33209	35581	34487	34464
1293	33235	35612	34510	34489
1294	33249	35640	34540	34513
1295	33273	35650	34568	34538
1296	33294	35670	34595	34563
1297	33320	35692	34620	34587
1298	33344	35721	34643	34612
1299	33373	35748	34668	34637
1300	33398	35768	34692	34661
1301	33427	35792	34714	34686
1302	33452	35804	34744	34711
1303	33483	35821	34773	34735
1304	33510	35850	34802	34760
1305	33555	35872	34827	34786
1306	33600	35888	34856	34813
1307	33638	35906	34881	34839
1308	33680	35915	34908	34865
1309	33705	35939	34932	34891
1310	33731	35972	34957	34918
1311	33749	35997	34989	34944
1312	33765	36021	35013	34970
1313	33780	36059	35041	34997
1314	33794	36090	35070	35023
1315	33829	36106	35098	35048
1316	33860	36123	35123	35072
1317	33905	36135	35148	35097
1318	33931	36147	35171	35122
1319	33984	36163	35196	35147
1320	34014	36188	35216	35172
1321	34025	36211	35243	35196
1322	34033	36240	35269	35221
1323	34056	36269	35296	35246
1324	34084	36282	35322	35271
