7
9
15
19
23
25
27
33
37
43
45
47
53
57
63
67
73
77
83
87
93
97
103
107
113
117
123
127
133
137
143
147
153
157
163
167
173
177
183
187
193
197
203
207
211
213
219
223
227
233
237
243
247
251
257
263
267
273
277
283
289
293
297
303
307
311
317
321
327
331
337
343
347
351
355
359
363
367
371
377
381
387
393
397
403
405
409
415
419
425
429
433
437
447
453
455
457
465
469
475
479
485
489
495
499
505
509
515
519
525
529
535
539
545
549
555
559
565
569
575
579
585
589
595
599
605
609
615
619
625
629
633
639
645
649
655
659
665
669
675
679
685
691
695
699
705
709
715
719
725
729
735
739
745
749
757
767
775
785
789
805
825
829
835
839
849
855
859
889
895
905
909
915
919
925
929
935
945
965
975
979
985
995
1005
1021
1031
1035
1055
1065
1075
1085
1095
1101
1105
1115
1125
1131
1135
1141
1145
1151
1155
1165
1171
1175
1185
1195
1205
1211
1215
1221
1225
1231
1235
1245
1251
1255
1261
1265
1267
1271
1275
1285
1291
1295
1301
1305
1311
1315
1325
1331
1335
1337
1341
1345
1351
1355
1365
1371
1381
1385
1395
1405
1415
1417
1425
1431
1445
1455
1459
1465
1475
1485
1495
1505
1511
1515
1525
1531
1541
1545
1575
