depth	min	max	median	mean
19	351	548	509	501
20	362	564	519	512
21	378	591	527	523
22	390	622	536	534
23	404	649	544	545
24	415	678	552	556
25	428	688	562	567
26	442	699	573	577
27	456	713	583	588
28	467	729	593	598
29	477	750	603	609
30	487	758	615	620
31	497	770	626	631
32	506	784	638	642
33	517	801	649	653
34	525	822	660	664
35	534	830	671	674
36	545	839	681	685
37	552	851	692	695
38	559	865	702	705
39	567	880	713	716
40	574	886	724	727
41	582	897	736	738
42	591	908	748	749
43	599	924	759	761
44	604	942	770	772
45	617	950	781	783
46	631	958	793	794
47	641	969	804	804
48	650	983	815	815
49	657	998	825	826
50	671	1005	836	836
51	685	1014	845	846
52	695	1021	856	856
53	702	1031	866	866
54	709	1042	876	876
55	723	1049	887	886
56	736	1054	898	897
57	745	1064	908	907
58	752	1074	919	918
59	759	1088	930	929
60	777	1094	941	940
61	790	1103	954	952
62	800	1111	965	963
63	811	1122	977	975
64	819	1137	989	986
65	839	1142	999	997
66	853	1148	1011	1008
67	864	1155	1023	1019
68	875	1164	1034	1030
69	883	1175	1046	1041
70	895	1180	1056	1051
71	906	1185	1066	1061
72	915	1192	1077	1071
73	925	1202	1088	1081
74	931	1214	1099	1091
75	946	1219	1109	1102
76	957	1224	1120	1112
77	966	1230	1130	1122
78	976	1237	1141	1132
79	985	1249	1151	1142
80	1009	1252	1163	1153
81	1032	1256	1176	1164
82	1050	1262	1189	1175
83	1062	1268	1202	1186
84	1071	1277	1213	1197
85	1098	1294	1236	1220
86	1116	1340	1253	1243
87	1130	1396	1269	1265
88	1139	1457	1286	1288
89	1143	1517	1303	1310
90	1170	1542	1329	1336
91	1182	1566	1355	1362
92	1193	1618	1378	1388
93	1201	1680	1401	1414
94	1210	1756	1424	1440
95	1233	1775	1454	1466
96	1251	1802	1482	1492
97	1262	1830	1510	1518
98	1278	1875	1536	1544
99	1289	1935	1558	1570
100	1323	1954	1587	1597
101	1348	1973	1617	1625
102	1368	1998	1645	1653
103	1384	2032	1672	1681
104	1394	2070	1701	1709
105	1427	2091	1730	1736
106	1451	2112	1759	1763
107	1473	2141	1788	1789
108	1492	2170	1816	1816
109	1508	2205	1843	1843
110	1530	2223	1873	1869
111	1552	2241	1901	1894
112	1570	2262	1928	1920
113	1586	2284	1954	1945
114	1598	2321	1980	1971
115	1644	2335	2002	1997
116	1680	2358	2026	2023
117	1701	2383	2053	2050
118	1724	2409	2080	2076
119	1741	2438	2109	2102
120	1785	2451	2135	2130
121	1816	2471	2161	2157
122	1848	2490	2188	2185
123	1867	2516	2217	2212
124	1884	2544	2246	2240
125	1920	2557	2274	2267
126	1947	2572	2302	2294
127	1971	2588	2332	2321
128	1990	2608	2361	2349
129	2011	2633	2391	2376
130	2050	2643	2416	2401
131	2092	2652	2439	2426
132	2127	2665	2465	2452
133	2159	2680	2492	2477
134	2177	2703	2519	2502
135	2251	2709	2542	2528
136	2317	2716	2569	2555
137	2371	2723	2598	2581
138	2412	2733	2632	2607
139	2440	2758	2664	2633
140	2489	2773	2705	2664
141	2513	2827	2730	2695
142	2531	2893	2746	2726
143	2548	2965	2765	2757
144	2560	3040	2786	2788
145	2588	3061	2815	2816
146	2607	3092	2841	2844
147	2625	3124	2871	2871
148	2639	3162	2899	2899
149	2652	3211	2923	2927
150	2685	3231	2957	2959
151	2706	3256	2993	2991
152	2726	3285	3028	3023
153	2741	3324	3060	3055
154	2752	3376	3093	3087
155	2795	3390	3131	3120
156	2819	3407	3168	3152
157	2842	3428	3203	3185
158	2862	3450	3243	3218
159	2878	3486	3278	3251
160	2912	3495	3312	3281
161	2941	3505	3346	3310
162	2966	3516	3380	3340
163	2986	3532	3416	3370
164	3002	3558	3457	3400
165	3014	3566	3466	3410
166	3023	3577	3474	3421
167	3035	3591	3481	3431
168	3048	3609	3489	3442
169	3059	3629	3497	3452
170	3074	3639	3507	3462
171	3087	3653	3515	3473
172	3096	3665	3524	3483
173	3108	3680	3532	3493
174	3122	3697	3540	3504
175	3135	3706	3550	3514
176	3150	3716	3559	3524
177	3161	3727	3567	3534
178	3171	3738	3576	3544
179	3180	3752	3583	3554
180	3197	3764	3593	3564
181	3210	3772	3603	3574
182	3223	3785	3612	3584
183	3238	3798	3621	3594
184	3248	3813	3629	3604
185	3264	3822	3639	3614
186	3277	3830	3648	3624
187	3290	3841	3656	3634
188	3301	3853	3664	3644
189	3310	3868	3674	3654
190	3324	3876	3683	3665
191	3336	3885	3694	3675
192	3352	3893	3704	3685
193	3364	3903	3714	3695
194	3377	3914	3723	3706
195	3392	3923	3733	3716
196	3406	3929	3742	3726
197	3416	3939	3751	3736
198	3427	3951	3760	3746
199	3437	3965	3770	3756
200	3457	3972	3780	3766
201	3470	3978	3790	3777
202	3484	3988	3800	3787
203	3495	4000	3811	3797
204	3508	4012	3821	3807
205	3520	4017	3831	3818
206	3535	4025	3841	3828
207	3546	4038	3851	3839
208	3558	4048	3861	3849
209	3572	4060	3871	3859
210	3591	4069	3880	3869
211	3612	4077	3889	3879
212	3630	4085	3900	3890
213	3640	4093	3910	3900
214	3652	4106	3918	3910
215	3673	4111	3929	3920
216	3687	4118	3939	3930
217	3699	4128	3950	3941
218	3711	4140	3959	3951
219	3720	4151	3970	3961
220	3739	4157	3979	3971
221	3754	4164	3988	3982
222	3773	4174	3999	3992
223	3784	4183	4009	4002
224	3796	4193	4019	4012
225	3816	4199	4029	4023
226	3834	4205	4038	4033
227	3846	4214	4047	4043
228	3857	4224	4058	4054
229	3869	4233	4067	4064
230	3889	4243	4077	4074
231	3908	4252	4087	4085
232	3924	4262	4097	4095
233	3944	4270	4107	4105
234	3953	4279	4116	4116
235	3970	4288	4128	4127
236	3980	4296	4139	4138
237	3986	4308	4150	4149
238	3994	4322	4160	4160
239	4002	4342	4171	4171
240	4013	4347	4184	4182
241	4022	4357	4195	4193
242	4029	4370	4207	4205
243	4035	4382	4218	4216
244	4040	4399	4228	4227
245	4049	4404	4240	4238
246	4058	4413	4252	4248
247	4064	4424	4264	4259
248	4070	4434	4275	4270
249	4075	4450	4285	4281
250	4087	4457	4299	4292
251	4098	4465	4313	4304
252	4107	4475	4331	4315
253	4116	4488	4346	4326
254	4123	4506	4358	4338
255	4135	4511	4369	4347
256	4145	4521	4381	4356
257	4153	4531	4389	4364
258	4160	4540	4398	4373
259	4165	4551	4408	4382
260	4170	4558	4416	4388
261	4176	4564	4423	4395
262	4181	4570	4430	4401
263	4186	4577	4436	4408
264	4190	4586	4442	4414
265	4197	4592	4447	4420
266	4203	4598	4453	4427
267	4210	4606	4458	4433
268	4216	4614	4463	4440
269	4220	4623	4470	4446
270	4228	4629	4476	4453
271	4233	4633	4482	4459
272	4240	4642	4487	4466
273	4243	4651	4492	4472
274	4246	4659	4498	4478
275	4254	4663	4505	4485
276	4261	4669	4512	4491
277	4267	4678	4517	4498
278	4273	4686	4523	4504
279	4279	4696	4529	4511
280	4285	4702	4536	4517
281	4290	4710	4541	4524
282	4294	4717	4547	4530
283	4298	4723	4553	4536
284	4305	4729	4559	4543
285	4312	4735	4565	4549
286	4318	4742	4570	4555
287	4325	4747	4577	4562
288	4332	4755	4584	4568
289	4335	4765	4590	4574
290	4344	4770	4597	4581
291	4350	4776	4602	4588
292	4356	4782	4607	4595
293	4361	4788	4614	4602
294	4366	4796	4621	4608
295	4373	4801	4628	4615
296	4377	4806	4635	4621
297	4385	4815	4642	4628
298	4389	4826	4648	4635
299	4395	4835	4654	4641
300	4403	4840	4660	4647
301	4408	4845	4667	4653
302	4415	4849	4673	4659
303	4424	4854	4678	4666
304	4428	4861	4684	4672
305	4435	4867	4690	4678
306	4440	4872	4697	4684
307	4447	4879	4703	4691
308	4456	4885	4709	4697
309	4464	4893	4715	4703
310	4468	4898	4722	4710
311	4474	4903	4730	4716
312	4479	4909	4737	4722
313	4483	4914	4743	4728
314	4488	4921	4749	4735
315	4493	4928	4756	4741
316	4502	4934	4762	4748
317	4510	4941	4769	4754
318	4519	4950	4775	4761
319	4525	4958	4782	4768
320	4533	4962	4788	4774
321	4539	4966	4795	4780
322	4545	4972	4800	4786
323	4551	4978	4806	4793
324	4557	4985	4813	4799
325	4565	4989	4820	4805
326	4569	4995	4826	4812
327	4576	5002	4833	4818
328	4580	5009	4840	4824
329	4584	5015	4847	4831
330	4593	5018	4853	4837
331	4602	5024	4858	4844
332	4608	5030	4864	4850
333	4617	5035	4871	4856
334	4622	5041	4876	4862
335	4628	5045	4882	4869
336	4633	5051	4888	4875
337	4639	5056	4895	4881
338	4646	5061	4901	4887
339	4649	5066	4907	4893
340	4658	5070	4914	4900
341	4665	5079	4920	4906
342	4671	5086	4928	4913
343	4675	5095	4935	4919
344	4681	5104	4941	4926
345	4687	5106	4947	4932
346	4691	5111	4954	4939
347	4696	5116	4960	4945
348	4703	5120	4967	4951
349	4708	5128	4973	4958
350	4714	5133	4980	4964
351	4721	5137	4986	4970
352	4726	5143	4992	4977
353	4731	5150	4999	4983
354	4737	5158	5005	4990
355	4745	5161	5012	4996
356	4753	5167	5018	5002
357	4760	5171	5026	5009
358	4766	5178	5032	5015
359	4771	5187	5038	5021
360	4780	5190	5045	5028
361	4786	5193	5051	5034
362	4793	5197	5058	5040
363	4799	5203	5065	5047
364	4804	5209	5072	5053
365	4810	5213	5078	5060
366	4817	5215	5084	5066
367	4821	5219	5091	5073
368	4827	5224	5097	5079
369	4834	5230	5104	5086
370	4844	5235	5110	5093
371	4851	5239	5117	5099
372	4858	5244	5124	5106
373	4864	5252	5131	5112
374	4871	5258	5137	5119
375	4876	5262	5144	5125
376	4884	5266	5150	5132
377	4892	5270	5158	5138
378	4898	5275	5163	5144
379	4902	5280	5170	5151
380	4911	5282	5176	5157
381	4916	5287	5183	5164
382	4922	5292	5190	5171
383	4927	5295	5196	5177
384	4933	5303	5202	5184
385	4940	5308	5209	5191
386	4946	5313	5215	5198
387	4954	5318	5222	5204
388	4959	5327	5228	5211
389	4966	5338	5234	5218
390	4974	5344	5242	5226
391	4985	5353	5250	5234
392	4994	5364	5256	5242
393	5006	5379	5263	5250
394	5018	5395	5269	5258
395	5030	5399	5277	5267
396	5041	5407	5287	5275
397	5050	5415	5295	5284
398	5059	5425	5303	5292
399	5068	5436	5309	5301
400	5078	5442	5321	5309
401	5089	5452	5333	5317
402	5097	5460	5345	5325
403	5108	5469	5354	5333
404	5116	5484	5363	5341
405	5132	5500	5379	5351
406	5146	5512	5391	5361
407	5157	5523	5400	5371
408	5168	5532	5409	5382
409	5178	5554	5418	5392
410	5192	5565	5428	5405
411	5204	5580	5437	5417
412	5216	5596	5446	5430
413	5227	5621	5456	5443
414	5244	5648	5466	5456
415	5255	5661	5479	5468
416	5272	5674	5491	5481
417	5284	5690	5502	5494
418	5297	5712	5513	5507
419	5308	5734	5524	5520
420	5323	5746	5536	5532
421	5333	5754	5549	5545
422	5342	5771	5561	5558
423	5349	5790	5573	5571
424	5356	5815	5585	5583
425	5370	5829	5597	5596
426	5381	5841	5610	5609
427	5393	5858	5622	5622
428	5404	5880	5634	5634
429	5410	5900	5645	5647
430	5420	5911	5658	5660
431	5429	5919	5671	5672
432	5439	5935	5683	5685
433	5450	5953	5697	5698
434	5457	5968	5708	5710
435	5471	5979	5721	5723
436	5480	5991	5734	5735
437	5491	6005	5746	5748
438	5502	6019	5759	5761
439	5513	6035	5770	5773
440	5523	6047	5783	5785
441	5535	6057	5797	5798
442	5544	6069	5810	5810
443	5552	6088	5823	5823
444	5560	6104	5834	5835
445	5573	6114	5847	5848
446	5584	6128	5860	5860
447	5597	6139	5874	5872
448	5609	6156	5887	5885
449	5617	6170	5899	5897
450	5634	6180	5912	5910
451	5647	6194	5925	5923
452	5655	6207	5937	5935
453	5664	6221	5951	5948
454	5672	6236	5964	5961
455	5689	6246	5977	5974
456	5699	6257	5990	5987
457	5710	6270	6003	6000
458	5718	6284	6017	6013
459	5725	6299	6030	6026
460	5740	6310	6043	6038
461	5755	6324	6056	6051
462	5766	6335	6068	6063
463	5776	6345	6080	6076
464	5786	6363	6093	6088
465	5802	6372	6106	6101
466	5814	6380	6120	6113
467	5829	6392	6132	6126
468	5841	6404	6145	6139
469	5849	6422	6158	6151
470	5864	6431	6170	6164
471	5880	6439	6183	6177
472	5893	6449	6196	6190
473	5906	6462	6210	6203
474	5913	6479	6224	6216
475	5932	6491	6236	6229
476	5943	6502	6249	6242
477	5952	6514	6262	6255
478	5962	6527	6274	6268
479	5972	6544	6287	6281
480	5989	6552	6299	6293
481	5999	6563	6312	6306
482	6010	6574	6325	6319
483	6023	6587	6339	6331
484	6035	6606	6353	6344
485	6050	6614	6366	6357
486	6064	6622	6379	6369
487	6073	6631	6393	6382
488	6085	6643	6405	6394
489	6096	6655	6418	6407
490	6110	6665	6431	6420
491	6121	6675	6444	6433
492	6132	6682	6455	6445
493	6140	6694	6470	6458
494	6150	6709	6485	6471
495	6167	6717	6499	6484
496	6180	6727	6512	6497
497	6193	6739	6526	6511
498	6204	6750	6540	6524
499	6217	6763	6554	6537
500	6231	6770	6568	6549
501	6243	6779	6581	6562
502	6254	6790	6594	6574
503	6261	6799	6606	6586
504	6271	6816	6618	6599
505	6282	6822	6632	6611
506	6292	6830	6646	6624
507	6304	6836	6660	6636
508	6316	6845	6674	6649
509	6325	6860	6687	6661
510	6337	6866	6702	6673
511	6347	6875	6714	6686
512	6360	6885	6726	6698
513	6374	6896	6739	6711
514	6380	6910	6753	6723
515	6392	6916	6761	6733
516	6404	6925	6770	6742
517	6411	6932	6780	6751
518	6419	6942	6791	6760
519	6428	6956	6799	6769
520	6437	6962	6806	6777
521	6444	6970	6813	6784
522	6453	6979	6819	6792
523	6458	6992	6826	6799
524	6467	7005	6833	6807
525	6474	7012	6841	6815
526	6481	7022	6848	6822
527	6489	7033	6855	6830
528	6495	7043	6862	6838
529	6498	7054	6868	6845
530	6508	7061	6875	6853
531	6516	7072	6882	6860
532	6523	7080	6889	6868
533	6529	7092	6896	6875
534	6535	7102	6902	6882
535	6542	7110	6911	6890
536	6551	7117	6918	6898
537	6559	7125	6927	6906
538	6568	7133	6934	6914
539	6574	7148	6942	6922
540	6585	7154	6949	6929
541	6594	7163	6956	6937
542	6600	7171	6964	6944
543	6610	7179	6970	6952
544	6615	7190	6977	6959
545	6620	7200	6985	6967
546	6629	7207	6993	6975
547	6635	7216	7000	6983
548	6644	7227	7008	6990
549	6652	7235	7016	6998
550	6654	7245	7023	7006
551	6661	7255	7029	7013
552	6669	7263	7037	7021
553	6677	7273	7043	7028
554	6684	7285	7051	7035
555	6692	7290	7058	7043
556	6700	7297	7065	7051
557	6705	7306	7072	7058
558	6718	7314	7079	7066
559	6729	7325	7087	7074
560	6735	7331	7094	7081
561	6741	7340	7102	7089
562	6750	7349	7108	7096
563	6758	7357	7116	7103
564	6767	7367	7123	7111
565	6774	7372	7131	7119
566	6777	7379	7140	7126
567	6785	7388	7146	7134
568	6793	7401	7154	7142
569	6797	7409	7163	7150
570	6804	7419	7171	7157
571	6811	7424	7179	7165
572	6821	7433	7186	7173
573	6828	7441	7193	7180
574	6836	7446	7201	7188
575	6844	7453	7210	7196
576	6855	7466	7219	7204
577	6861	7476	7227	7212
578	6870	7487	7235	7220
579	6878	7496	7243	7228
580	6884	7504	7251	7235
581	6890	7511	7258	7243
582	6896	7523	7264	7251
583	6904	7534	7271	7258
584	6909	7541	7277	7266
585	6918	7547	7286	7274
586	6923	7551	7293	7281
587	6936	7560	7301	7289
588	6943	7568	7307	7297
589	6952	7582	7315	7304
590	6958	7592	7322	7312
591	6962	7601	7330	7319
592	6972	7612	7338	7327
593	6982	7621	7345	7335
594	6985	7630	7353	7342
595	6997	7636	7360	7350
596	7006	7643	7367	7357
597	7013	7655	7375	7365
598	7018	7663	7381	7373
599	7023	7670	7388	7380
600	7033	7678	7395	7388
601	7042	7686	7404	7396
602	7051	7696	7411	7403
603	7062	7704	7419	7411
604	7070	7716	7427	7418
605	7079	7721	7434	7426
606	7086	7725	7441	7434
607	7092	7732	7448	7441
608	7098	7737	7457	7449
609	7105	7747	7464	7456
610	7117	7754	7472	7464
611	7126	7759	7479	7471
612	7134	7767	7487	7479
613	7143	7777	7494	7486
614	7149	7787	7502	7494
615	7154	7796	7510	7501
616	7161	7804	7516	7509
617	7168	7811	7523	7517
618	7176	7819	7531	7525
619	7186	7828	7538	7532
620	7196	7835	7547	7540
621	7206	7843	7555	7548
622	7212	7853	7562	7556
623	7220	7861	7570	7564
624	7229	7869	7578	7571
625	7236	7877	7584	7579
626	7242	7887	7593	7586
627	7249	7897	7601	7594
628	7255	7904	7610	7601
629	7260	7914	7617	7609
630	7272	7920	7623	7616
631	7282	7925	7631	7624
632	7288	7936	7638	7632
633	7296	7942	7644	7640
634	7305	7952	7652	7648
635	7317	7958	7660	7655
636	7325	7967	7668	7663
637	7331	7977	7676	7670
638	7335	7986	7683	7678
639	7343	7992	7689	7685
640	7352	8000	7698	7693
641	7363	8005	7706	7700
642	7371	8013	7713	7708
643	7381	8022	7721	7715
644	7388	8028	7729	7723
645	7395	8037	7735	7731
646	7402	8043	7743	7738
647	7408	8049	7752	7746
648	7417	8061	7760	7754
649	7425	8070	7768	7761
650	7433	8078	7774	7769
651	7443	8083	7781	7776
652	7451	8090	7789	7784
653	7457	8097	7796	7791
654	7465	8103	7802	7798
655	7475	8112	7809	7806
656	7482	8121	7817	7813
657	7488	8131	7825	7821
658	7494	8138	7832	7828
659	7501	8146	7840	7836
660	7510	8151	7848	7843
661	7518	8161	7855	7851
662	7526	8169	7862	7859
663	7535	8177	7870	7866
664	7543	8185	7877	7874
665	7555	8189	7883	7881
666	7564	8194	7890	7889
667	7571	8202	7898	7896
668	7580	8208	7906	7903
669	7584	8219	7913	7911
670	7590	8226	7921	7918
671	7595	8231	7929	7925
672	7605	8239	7937	7933
673	7611	8248	7944	7940
674	7616	8257	7952	7948
675	7628	8264	7958	7955
676	7634	8272	7965	7963
677	7643	8281	7973	7970
678	7653	8286	7978	7978
679	7658	8293	7986	7985
680	7665	8302	7993	7993
681	7671	8311	8002	8000
682	7679	8319	8010	8008
683	7688	8325	8017	8015
684	7698	8330	8025	8023
685	7709	8338	8033	8031
686	7714	8345	8040	8039
687	7721	8353	8047	8046
688	7726	8361	8056	8054
689	7732	8369	8064	8062
690	7744	8374	8071	8070
691	7755	8381	8079	8077
692	7762	8388	8087	8085
693	7772	8395	8093	8092
694	7775	8404	8101	8100
695	7783	8411	8110	8108
696	7791	8419	8118	8115
697	7801	8429	8124	8123
698	7807	8437	8133	8131
699	7815	8446	8141	8138
700	7825	8452	8148	8146
701	7833	8462	8156	8153
702	7841	8470	8164	8161
703	7851	8479	8171	8168
704	7859	8486	8180	8176
705	7865	8492	8188	8183
706	7871	8498	8196	8191
707	7880	8504	8204	8199
708	7886	8510	8210	8207
709	7895	8519	8217	8215
710	7902	8522	8224	8222
711	7911	8531	8231	8230
712	7921	8540	8238	8237
713	7931	8549	8245	8245
714	7939	8562	8252	8252
715	7947	8567	8261	8260
716	7953	8576	8268	8268
717	7962	8584	8276	8275
718	7967	8593	8284	8283
719	7975	8602	8291	8290
720	7987	8607	8299	8298
721	7992	8613	8308	8306
722	7998	8619	8316	8313
723	8008	8625	8324	8321
724	8015	8635	8331	8328
725	8025	8641	8338	8336
726	8031	8648	8345	8344
727	8036	8656	8353	8351
728	8042	8665	8359	8359
729	8051	8671	8367	8366
730	8061	8678	8376	8374
731	8072	8682	8383	8381
732	8081	8687	8391	8389
733	8092	8696	8397	8396
734	8099	8706	8405	8404
735	8110	8713	8411	8411
736	8119	8720	8419	8419
737	8126	8728	8427	8427
738	8134	8736	8434	8435
739	8141	8744	8442	8442
740	8146	8752	8451	8450
741	8158	8756	8459	8458
742	8168	8765	8467	8466
743	8174	8775	8475	8474
744	8180	8784	8484	8482
745	8188	8791	8491	8489
746	8197	8799	8498	8497
747	8202	8805	8506	8505
748	8213	8811	8512	8512
749	8216	8819	8520	8520
750	8227	8823	8527	8528
751	8237	8828	8535	8535
752	8247	8835	8542	8543
753	8255	8843	8550	8551
754	8262	8851	8557	8558
755	8272	8856	8564	8566
756	8278	8861	8572	8573
757	8288	8868	8579	8581
758	8296	8875	8585	8588
759	8302	8884	8593	8596
760	8312	8892	8599	8603
761	8321	8897	8607	8611
762	8326	8904	8614	8618
763	8330	8911	8622	8625
764	8337	8925	8630	8633
765	8346	8931	8637	8640
766	8355	8937	8644	8648
767	8363	8946	8653	8655
768	8370	8953	8660	8663
769	8378	8960	8668	8670
770	8384	8964	8675	8678
771	8394	8970	8683	8686
772	8403	8975	8691	8694
773	8409	8982	8699	8702
774	8419	8990	8708	8710
775	8426	9000	8715	8718
776	8437	9007	8723	8725
777	8445	9014	8730	8733
778	8453	9021	8738	8741
779	8461	9032	8745	8749
780	8472	9037	8753	8756
781	8481	9044	8761	8764
782	8489	9051	8769	8772
783	8498	9058	8776	8780
784	8505	9070	8783	8788
785	8515	9074	8792	8795
786	8525	9079	8800	8803
787	8533	9088	8808	8811
788	8543	9096	8815	8818
789	8552	9106	8823	8826
790	8559	9109	8830	8833
791	8566	9114	8838	8841
792	8575	9121	8845	8848
793	8584	9129	8853	8856
794	8590	9137	8860	8863
795	8599	9145	8868	8871
796	8611	9150	8875	8879
797	8618	9157	8882	8886
798	8624	9165	8891	8894
799	8633	9172	8899	8902
800	8641	9179	8907	8909
801	8652	9186	8913	8917
802	8659	9193	8921	8925
803	8669	9203	8928	8932
804	8677	9210	8936	8940
805	8687	9216	8943	8948
806	8697	9223	8950	8955
807	8704	9228	8957	8963
808	8712	9235	8965	8971
809	8718	9243	8973	8978
810	8727	9248	8981	8986
811	8734	9257	8988	8993
812	8742	9262	8996	9001
813	8749	9269	9005	9008
814	8756	9276	9012	9016
815	8766	9279	9020	9023
816	8775	9287	9029	9031
817	8785	9296	9036	9038
818	8793	9303	9042	9045
819	8802	9313	9048	9052
820	8811	9319	9057	9060
821	8822	9325	9064	9068
822	8830	9332	9072	9075
823	8839	9340	9080	9083
824	8843	9348	9087	9091
825	8855	9353	9095	9099
826	8865	9356	9102	9106
827	8873	9361	9109	9114
828	8881	9366	9116	9122
829	8891	9371	9125	9129
830	8901	9376	9132	9137
831	8910	9382	9140	9144
832	8918	9387	9147	9152
833	8927	9393	9155	9159
834	8932	9404	9162	9167
835	8942	9408	9170	9174
836	8952	9415	9177	9182
837	8962	9422	9184	9189
838	8971	9429	9191	9197
839	8978	9437	9199	9205
840	8988	9443	9206	9212
841	8995	9450	9213	9220
842	9003	9458	9221	9227
843	9013	9460	9229	9235
844	9018	9468	9237	9242
845	9028	9477	9246	9252
