depth	min	max	median	mean
20	1537	4507	2878	2993
21	1566	4511	2887	3002
22	1592	4513	2896	3011
23	1610	4516	2906	3020
24	1630	4519	2914	3029
25	1653	4520	2923	3038
26	1671	4525	2933	3047
27	1692	4532	2941	3056
28	1703	4536	2948	3065
29	1714	4541	2956	3075
30	1726	4545	2963	3084
31	1740	4549	2972	3093
32	1753	4554	2981	3102
33	1766	4561	2988	3111
34	1779	4565	2995	3120
35	1792	4567	3004	3129
36	1818	4570	3012	3138
37	1847	4575	3020	3147
38	1877	4579	3025	3156
39	1913	4583	3034	3165
40	1939	4587	3041	3174
41	1955	4590	3047	3183
42	1974	4593	3051	3192
43	1996	4596	3057	3201
44	2007	4598	3064	3210
45	2031	4601	3073	3219
46	2052	4606	3081	3229
47	2071	4611	3088	3238
48	2086	4616	3095	3247
49	2099	4623	3102	3256
50	2117	4629	3109	3265
51	2155	4633	3116	3274
52	2189	4637	3123	3283
53	2227	4640	3129	3293
54	2259	4646	3136	3302
55	2293	4658	3145	3311
56	2323	4662	3153	3321
57	2343	4665	3158	3330
58	2369	4671	3167	3339
59	2400	4674	3173	3349
60	2426	4677	3181	3358
61	2451	4681	3189	3367
62	2478	4686	3196	3377
63	2497	4693	3202	3386
64	2517	4698	3208	3395
65	2532	4704	3214	3404
66	2548	4707	3230	3416
67	2556	4714	3243	3427
68	2567	4717	3256	3438
69	2581	4721	3269	3449
70	2589	4729	3285	3461
71	2601	4736	3298	3472
72	2614	4741	3313	3483
73	2621	4748	3327	3494
74	2632	4757	3341	3506
75	2642	4761	3356	3517
76	2651	4764	3369	3528
77	2656	4769	3382	3539
78	2665	4780	3397	3551
79	2671	4784	3414	3562
80	2679	4786	3429	3573
81	2697	4790	3442	3585
82	2712	4794	3453	3596
83	2731	4800	3465	3608
84	2746	4804	3479	3620
85	2757	4809	3490	3631
86	2772	4814	3502	3643
87	2783	4819	3517	3655
88	2798	4823	3533	3666
89	2813	4830	3543	3678
90	2821	4836	3556	3690
91	2829	4840	3569	3702
92	2841	4844	3582	3713
93	2849	4851	3598	3725
94	2856	4859	3610	3737
95	2864	4865	3627	3748
96	2879	4869	3641	3761
97	2900	4875	3653	3773
98	2916	4878	3668	3786
99	2928	4884	3681	3799
100	2941	4889	3696	3811
101	2951	4892	3711	3824
102	2963	4899	3728	3836
103	2974	4907	3746	3849
104	2990	4910	3763	3862
105	3000	4915	3777	3874
106	3009	4922	3790	3887
107	3018	4925	3808	3900
108	3025	4930	3824	3912
109	3032	4936	3840	3925
110	3045	4945	3854	3937
111	3059	4949	3869	3949
112	3083	4954	3880	3961
113	3098	4959	3897	3973
114	3114	4963	3912	3985
115	3133	4969	3928	3997
116	3148	4976	3942	4009
117	3169	4982	3956	4021
118	3186	4987	3969	4033
119	3193	4997	3982	4045
120	3198	5003	3992	4057
121	3206	5014	4005	4069
122	3214	5021	4020	4081
123	3226	5030	4031	4093
124	3232	5037	4046	4105
125	3243	5042	4062	4116
126	3276	5049	4073	4129
127	3295	5056	4086	4142
128	3317	5061	4099	4154
129	3334	5064	4114	4167
130	3347	5070	4130	4179
131	3362	5072	4146	4192
132	3377	5077	4159	4204
133	3392	5087	4175	4217
134	3403	5092	4193	4229
135	3416	5098	4207	4242
136	3426	5105	4221	4255
137	3453	5109	4238	4267
138	3460	5120	4250	4280
139	3469	5124	4267	4292
140	3477	5129	4283	4305
141	3504	5133	4295	4317
142	3528	5136	4306	4329
143	3545	5140	4319	4341
144	3567	5146	4331	4353
145	3579	5148	4345	4365
146	3596	5151	4358	4376
147	3616	5160	4371	4388
148	3632	5166	4384	4400
149	3653	5170	4397	4412
150	3670	5175	4407	4424
151	3687	5184	4422	4436
152	3696	5190	4437	4448
153	3711	5195	4449	4460
154	3724	5204	4461	4472
155	3734	5211	4476	4484
156	3765	5215	4489	4496
157	3780	5219	4500	4509
158	3795	5223	4514	4521
159	3810	5226	4527	4534
160	3829	5228	4539	4546
161	3847	5232	4551	4559
162	3862	5236	4564	4571
163	3874	5239	4578	4583
164	3890	5244	4592	4596
165	3901	5248	4606	4608
166	3915	5251	4619	4621
167	3935	5255	4635	4633
168	3949	5261	4649	4646
169	3965	5267	4663	4658
170	3973	5271	4675	4670
171	3992	5274	4687	4683
172	4006	5279	4701	4696
173	4028	5285	4713	4708
174	4051	5292	4726	4721
175	4079	5296	4740	4733
176	4098	5302	4751	4746
177	4116	5308	4764	4758
178	4142	5314	4776	4771
179	4156	5322	4790	4784
180	4175	5330	4802	4796
181	4188	5335	4816	4809
182	4206	5342	4827	4821
183	4219	5347	4841	4834
184	4232	5355	4855	4846
185	4245	5366	4869	4859
186	4282	5369	4879	4871
187	4305	5373	4889	4884
188	4337	5376	4901	4896
189	4371	5381	4912	4908
190	4397	5385	4923	4921
191	4421	5390	4934	4933
192	4442	5398	4946	4945
193	4470	5403	4958	4958
194	4498	5408	4967	4970
195	4521	5412	4979	4982
196	4541	5423	4990	4994
197	4561	5432	5003	5007
198	4582	5437	5016	5019
199	4598	5442	5031	5031
200	4614	5451	5044	5044
201	4645	5456	5054	5055
202	4670	5459	5064	5067
203	4696	5469	5077	5079
204	4722	5477	5088	5090
205	4747	5484	5098	5102
206	4773	5493	5110	5114
207	4797	5501	5122	5125
208	4819	5511	5133	5137
209	4840	5522	5146	5149
210	4859	5534	5159	5160
211	4869	5542	5171	5172
212	4881	5549	5183	5184
213	4889	5556	5195	5195
214	4898	5562	5208	5207
215	4903	5570	5219	5219
216	4914	5580	5231	5230
217	4928	5588	5240	5240
218	4937	5595	5253	5251
219	4945	5603	5265	5262
220	4951	5611	5275	5273
221	4960	5620	5286	5284
222	4966	5631	5295	5295
223	4974	5640	5304	5306
224	4980	5651	5315	5316
225	4989	5664	5327	5327
226	4995	5676	5337	5338
227	4999	5687	5347	5349
228	5004	5706	5357	5360
229	5013	5720	5369	5371
230	5020	5740	5379	5381
231	5035	5744	5391	5392
232	5045	5750	5402	5403
233	5058	5755	5414	5413
234	5069	5760	5424	5424
235	5084	5768	5436	5435
236	5097	5775	5447	5446
237	5109	5780	5458	5456
238	5118	5788	5468	5467
239	5128	5799	5481	5478
240	5136	5806	5492	5488
241	5144	5819	5503	5499
242	5150	5829	5515	5510
243	5159	5841	5526	5520
244	5167	5856	5537	5531
245	5176	5871	5548	5542
246	5188	5876	5559	5552
247	5201	5882	5569	5563
248	5217	5887	5580	5573
249	5231	5891	5590	5583
250	5248	5898	5602	5594
251	5255	5903	5612	5604
252	5266	5909	5623	5614
253	5276	5916	5635	5625
254	5285	5926	5643	5635
255	5293	5938	5654	5646
256	5303	5953	5665	5656
257	5311	5965	5676	5666
258	5317	5974	5688	5677
259	5324	5987	5700	5687
260	5333	6001	5711	5697
261	5349	6005	5720	5708
262	5369	6008	5730	5719
263	5386	6013	5741	5730
264	5406	6019	5751	5741
265	5425	6025	5763	5753
266	5441	6030	5774	5764
267	5449	6037	5784	5775
268	5461	6041	5795	5786
269	5472	6046	5807	5797
270	5484	6054	5818	5808
271	5489	6062	5830	5819
272	5501	6072	5841	5830
273	5513	6083	5854	5841
274	5523	6096	5865	5852
275	5532	6108	5875	5863
276	5555	6112	5884	5873
277	5580	6117	5894	5884
278	5606	6120	5903	5894
279	5634	6125	5912	5904
280	5653	6131	5920	5915
281	5676	6135	5929	5925
282	5699	6140	5937	5935
283	5722	6148	5946	5946
284	5743	6155	5955	5956
285	5766	6162	5965	5967
286	5786	6170	5974	5977
287	5797	6178	5984	5987
288	5810	6188	5994	5998
289	5820	6199	6004	6008
290	5833	6209	6014	6018
291	5852	6215	6020	6026
292	5869	6222	6025	6033
293	5884	6228	6031	6041
294	5901	6235	6037	6048
295	5914	6242	6043	6056
296	5924	6250	6051	6063
297	5930	6258	6057	6071
298	5936	6264	6065	6078
299	5942	6271	6073	6086
300	5946	6279	6081	6093
301	5950	6287	6088	6101
302	5953	6299	6096	6108
303	5957	6312	6104	6116
304	5958	6328	6112	6123
305	5960	6345	6119	6131
306	5968	6355	6125	6137
307	5972	6362	6131	6143
308	5977	6370	6138	6149
309	5980	6378	6144	6156
310	5984	6388	6150	6162
311	5987	6399	6156	6168
312	5991	6406	6162	6174
313	5994	6414	6168	6180
314	5997	6425	6175	6187
315	6000	6437	6180	6193
316	6003	6445	6186	6199
317	6005	6459	6192	6205
318	6007	6473	6199	6211
319	6009	6493	6205	6218
320	6011	6510	6210	6224
321	6019	6513	6215	6230
322	6025	6524	6221	6236
323	6031	6531	6227	6242
324	6036	6537	6234	6248
325	6041	6546	6240	6254
326	6045	6555	6246	6260
327	6050	6560	6251	6266
328	6054	6573	6257	6272
329	6056	6586	6263	6278
330	6058	6594	6269	6284
331	6060	6601	6274	6290
332	6064	6611	6281	6296
333	6066	6621	6287	6302
334	6070	6634	6292	6308
335	6073	6645	6298	6314
336	6078	6655	6305	6320
337	6085	6663	6312	6326
338	6090	6669	6318	6333
339	6094	6680	6325	6339
340	6098	6686	6332	6345
341	6102	6698	6339	6351
342	6106	6710	6344	6357
343	6112	6724	6350	6363
344	6115	6750	6355	6369
345	6120	6762	6361	6376
346	6123	6782	6367	6382
347	6126	6794	6372	6388
348	6129	6804	6377	6394
349	6131	6816	6382	6400
350	6134	6828	6388	6406
351	6144	6836	6393	6413
352	6148	6844	6399	6419
353	6155	6851	6405	6425
354	6162	6862	6410	6431
355	6164	6872	6416	6437
356	6170	6888	6423	6443
357	6175	6899	6428	6449
358	6180	6911	6434	6455
359	6182	6928	6438	6461
360	6187	6945	6445	6467
361	6191	6954	6450	6473
362	6194	6959	6456	6480
363	6198	6966	6462	6486
364	6201	6971	6468	6492
365	6204	6987	6474	6498
366	6211	6998	6479	6504
367	6219	7008	6485	6509
368	6225	7017	6491	6515
369	6228	7025	6496	6521
370	6236	7036	6501	6527
371	6242	7051	6508	6533
372	6248	7066	6515	6538
373	6251	7087	6520	6544
374	6255	7093	6525	6550
375	6259	7104	6531	6556
376	6262	7113	6536	6562
377	6266	7121	6540	6567
378	6268	7132	6547	6573
379	6271	7146	6552	6579
380	6273	7158	6559	6585
381	6279	7169	6564	6591
382	6286	7176	6570	6597
383	6294	7186	6576	6603
384	6302	7195	6582	6609
385	6307	7200	6588	6616
386	6314	7204	6594	6622
387	6319	7211	6600	6628
388	6326	7219	6606	6634
389	6330	7229	6612	6640
390	6336	7248	6617	6646
391	6338	7261	6624	6652
392	6341	7275	6631	6658
393	6345	7290	6635	6665
394	6349	7301	6641	6671
395	6352	7312	6646	6677
396	6361	7317	6652	6683
397	6366	7325	6659	6689
398	6372	7335	6664	6694
399	6377	7348	6670	6700
400	6382	7353	6675	6706
401	6387	7363	6681	6712
402	6396	7372	6686	6718
403	6400	7383	6692	6724
404	6404	7393	6697	6730
405	6406	7404	6703	6736
406	6411	7418	6710	6742
407	6417	7430	6715	6747
408	6421	7440	6721	6753
409	6427	7452	6727	6759
410	6431	7462	6732	6765
411	6437	7473	6738	6771
412	6442	7479	6744	6777
413	6448	7493	6749	6783
414	6454	7504	6756	6789
415	6459	7515	6761	6796
416	6467	7526	6767	6802
417	6473	7537	6773	6808
418	6479	7549	6779	6814
419	6485	7558	6784	6820
420	6489	7567	6790	6826
421	6494	7583	6796	6832
422	6501	7599	6802	6838
423	6507	7608	6808	6844
424	6511	7628	6814	6851
425	6514	7638	6820	6857
426	6520	7643	6825	6863
427	6527	7652	6831	6869
428	6534	7662	6836	6875
429	6543	7671	6841	6881
430	6550	7681	6847	6887
431	6556	7691	6853	6893
432	6561	7705	6858	6899
433	6565	7716	6864	6905
434	6568	7722	6870	6911
435	6572	7728	6875	6917
436	6576	7736	6879	6923
437	6579	7745	6885	6929
438	6582	7759	6891	6935
439	6587	7773	6898	6941
440	6592	7788	6904	6947
441	6599	7798	6909	6953
442	6609	7805	6915	6959
443	6615	7816	6921	6965
444	6623	7832	6927	6971
445	6627	7837	6932	6977
446	6635	7844	6938	6983
447	6640	7858	6944	6989
448	6643	7869	6950	6995
449	6650	7883	6956	7001
450	6653	7897	6963	7008
451	6660	7911	6968	7014
452	6662	7921	6973	7020
453	6668	7936	6979	7026
454	6672	7947	6984	7032
455	6677	7959	6989	7038
456	6683	7964	6995	7043
457	6689	7968	7000	7047
458	6698	7974	7004	7052
459	6703	7979	7009	7057
460	6709	7984	7012	7061
461	6716	7987	7017	7066
462	6723	7991	7021	7071
463	6730	7996	7026	7075
464	6736	8001	7031	7080
465	6742	8006	7035	7084
466	6747	8011	7040	7089
467	6754	8016	7045	7094
468	6759	8020	7049	7098
469	6765	8024	7053	7103
470	6768	8028	7058	7108
471	6774	8031	7063	7112
472	6782	8035	7066	7117
473	6786	8040	7071	7121
474	6793	8045	7075	7126
475	6798	8050	7079	7130
476	6803	8056	7083	7135
477	6807	8060	7088	7139
478	6812	8065	7094	7144
479	6819	8068	7098	7148
480	6823	8072	7102	7153
481	6825	8074	7106	7157
482	6830	8078	7110	7162
483	6833	8083	7114	7166
484	6837	8088	7120	7171
485	6842	8091	7125	7175
486	6850	8094	7129	7179
487	6857	8096	7133	7184
488	6863	8099	7137	7188
489	6871	8101	7141	7193
490	6874	8104	7146	7197
491	6877	8108	7151	7201
492	6882	8113	7155	7206
493	6887	8116	7160	7210
494	6891	8120	7165	7215
495	6897	8121	7169	7219
496	6902	8126	7174	7223
497	6905	8127	7178	7228
498	6913	8132	7182	7232
499	6917	8136	7188	7236
500	6920	8142	7192	7241
501	6927	8146	7198	7246
502	6934	8150	7204	7251
503	6939	8155	7209	7257
504	6943	8160	7215	7262
505	6947	8165	7220	7267
506	6952	8171	7225	7273
507	6957	8179	7230	7278
508	6961	8185	7235	7283
509	6967	8192	7239	7288
510	6971	8195	7244	7294
511	6973	8199	7249	7299
512	6976	8204	7254	7304
513	6980	8210	7259	7310
514	6982	8213	7263	7315
515	6989	8219	7268	7320
516	6992	8227	7274	7326
517	6997	8232	7279	7331
518	7001	8235	7285	7337
519	7009	8240	7290	7342
520	7010	8246	7295	7347
521	7016	8255	7301	7353
522	7019	8261	7306	7358
523	7022	8266	7310	7364
524	7028	8275	7316	7369
525	7031	8284	7321	7375
526	7036	8292	7327	7380
527	7040	8302	7332	7386
528	7041	8308	7337	7391
529	7044	8312	7342	7396
530	7047	8321	7348	7402
531	7052	8325	7352	7407
532	7058	8332	7358	7413
533	7061	8339	7361	7418
534	7067	8343	7366	7424
535	7070	8349	7371	7429
536	7072	8356	7377	7434
537	7074	8361	7383	7440
538	7079	8365	7388	7445
539	7081	8372	7393	7451
540	7083	8377	7398	7456
541	7087	8383	7403	7462
542	7091	8389	7408	7467
543	7095	8396	7415	7472
544	7100	8405	7422	7478
545	7104	8408	7426	7483
546	7109	8416	7431	7489
547	7114	8426	7437	7494
548	7118	8430	7443	7499
549	7122	8434	7448	7504
550	7127	8435	7455	7509
551	7132	8441	7460	7515
552	7136	8448	7465	7520
553	7140	8453	7470	7525
554	7145	8457	7474	7530
555	7146	8463	7479	7535
556	7148	8467	7484	7541
557	7152	8473	7490	7546
558	7157	8482	7494	7551
559	7159	8485	7499	7556
560	7162	8494	7505	7561
561	7169	8500	7510	7567
562	7176	8506	7514	7572
563	7180	8512	7519	7577
564	7186	8516	7524	7582
565	7191	8521	7529	7588
566	7195	8528	7534	7593
567	7202	8532	7540	7598
568	7206	8539	7545	7604
569	7209	8546	7550	7609
570	7213	8551	7555	7614
571	7217	8556	7560	7619
572	7220	8561	7565	7625
573	7222	8566	7570	7630
574	7226	8571	7575	7635
575	7230	8576	7580	7640
576	7236	8580	7585	7646
577	7241	8584	7591	7651
578	7248	8592	7597	7656
579	7254	8597	7603	7662
580	7258	8599	7608	7667
581	7262	8606	7613	7672
582	7265	8616	7619	7677
583	7272	8617	7624	7683
584	7274	8621	7629	7688
585	7279	8629	7634	7693
586	7284	8633	7640	7699
587	7286	8637	7644	7704
588	7290	8642	7650	7709
589	7295	8652	7655	7715
590	7298	8657	7660	7720
591	7303	8661	7665	7725
592	7306	8667	7669	7730
593	7312	8675	7674	7735
594	7317	8679	7678	7740
595	7321	8684	7683	7746
596	7325	8687	7688	7751
597	7329	8692	7694	7756
598	7334	8699	7698	7761
599	7342	8705	7704	7766
600	7348	8712	7709	7771
601	7350	8713	7714	7776
602	7353	8715	7719	7782
603	7356	8726	7723	7787
604	7358	8730	7727	7792
605	7362	8734	7732	7797
606	7365	8739	7737	7802
607	7370	8744	7741	7806
608	7375	8751	7745	7811
609	7378	8753	7749	7815
610	7383	8756	7753	7820
611	7388	8760	7757	7824
612	7392	8770	7761	7829
613	7398	8776	7766	7833
614	7401	8782	7770	7838
615	7404	8789	7775	7843
616	7409	8792	7780	7847
617	7413	8797	7785	7852
618	7417	8803	7789	7856
619	7419	8806	7793	7861
620	7422	8810	7797	7865
621	7427	8814	7801	7870
622	7432	8819	7805	7875
623	7438	8824	7809	7879
624	7442	8827	7813	7884
625	7448	8831	7817	7888
626	7451	8835	7822	7893
627	7455	8841	7826	7898
628	7459	8848	7830	7902
629	7462	8855	7834	7907
630	7464	8859	7839	7912
631	7467	8862	7844	7916
632	7470	8865	7849	7921
633	7472	8871	7855	7926
634	7475	8878	7859	7930
635	7478	8882	7864	7935
636	7482	8885	7869	7939
637	7489	8889	7872	7944
638	7493	8893	7877	7948
639	7498	8898	7882	7952
640	7504	8901	7886	7957
641	7508	8903	7889	7961
642	7512	8905	7894	7965
643	7515	8911	7899	7970
644	7521	8916	7903	7974
645	7525	8923	7907	7978
646	7530	8929	7912	7983
647	7535	8937	7917	7987
648	7536	8941	7922	7992
649	7539	8945	7925	7996
650	7543	8948	7929	8000
651	7546	8951	7933	8005
652	7548	8954	7937	8009
653	7555	8957	7942	8013
654	7559	8961	7946	8018
655	7563	8968	7950	8022
656	7565	8973	7954	8027
657	7569	8979	7959	8031
658	7574	8984	7963	8035
659	7578	8988	7967	8040
660	7581	8993	7971	8044
661	7584	9000	7975	8049
662	7587	9009	7979	8053
663	7590	9011	7984	8057
664	7594	9014	7988	8062
665	7597	9015	7992	8066
666	7600	9023	7997	8071
667	7605	9025	8002	8076
668	7607	9029	8007	8080
669	7610	9035	8011	8085
670	7614	9039	8015	8090
671	7618	9043	8019	8094
672	7622	9045	8024	8099
673	7624	9048	8027	8104
674	7630	9051	8031	8108
675	7633	9055	8036	8113
676	7638	9064	8042	8117
677	7639	9072	8046	8122
678	7645	9077	8050	8127
679	7649	9090	8056	8131
680	7652	9100	8060	8136
681	7658	9101	8065	8141
682	7665	9106	8071	8145
683	7669	9107	8075	8150
684	7673	9109	8079	8154
685	7681	9113	8084	8158
686	7684	9120	8088	8163
687	7688	9123	8093	8167
688	7691	9128	8097	8172
689	7694	9129	8102	8176
690	7696	9138	8106	8181
691	7699	9140	8110	8185
692	7701	9142	8114	8190
693	7704	9145	8118	8194
694	7706	9151	8123	8199
695	7710	9157	8127	8203
696	7715	9163	8132	8208
697	7721	9167	8137	8212
698	7725	9172	8142	8217
699	7732	9178	8146	8221
700	7737	9187	8150	8226
701	7740	9191	8154	8231
702	7743	9198	8159	8235
703	7745	9204	8164	8240
704	7750	9212	8169	8244
705	7753	9220	8173	8249
706	7755	9229	8177	8253
707	7758	9235	8183	8258
708	7761	9238	8187	8262
709	7766	9241	8191	8267
710	7769	9244	8196	8272
711	7776	9250	8201	8276
712	7781	9257	8205	8281
713	7787	9264	8208	8285
714	7792	9274	8212	8290
715	7797	9278	8216	8295
716	7802	9283	8221	8299
717	7805	9285	8225	8304
718	7808	9292	8230	8308
719	7812	9293	8235	8313
720	7816	9294	8239	8318
721	7820	9299	8242	8322
722	7822	9300	8246	8327
723	7825	9302	8250	8332
724	7829	9304	8256	8336
725	7833	9313	8261	8341
726	7836	9320	8265	8345
727	7844	9322	8269	8350
728	7848	9329	8272	8354
729	7851	9333	8277	8358
730	7857	9339	8281	8363
731	7860	9347	8285	8367
732	7864	9351	8288	8372
733	7867	9355	8291	8376
734	7872	9358	8294	8380
735	7875	9362	8300	8385
736	7878	9365	8304	8389
737	7882	9369	8307	8393
738	7886	9371	8311	8398
739	7888	9375	8315	8402
740	7893	9383	8320	8407
741	7897	9388	8324	8412
742	7901	9394	8328	8418
743	7907	9397	8333	8423
744	7913	9404	8338	8429
745	7921	9409	8343	8434
746	7926	9415	8349	8440
747	7930	9420	8355	8445
748	7935	9425	8361	8451
749	7941	9431	8366	8456
750	7946	9442	8371	8462
751	7952	9447	8377	8467
752	7954	9451	8382	8473
753	7957	9462	8388	8478
754	7959	9465	8394	8484
755	7961	9468	8401	8489
756	7968	9473	8405	8495
757	7973	9478	8410	8501
758	7979	9484	8415	8506
759	7985	9488	8421	8512
760	7991	9496	8427	8518
761	7998	9503	8434	8523
762	8004	9512	8440	8529
763	8012	9514	8445	8535
764	8019	9528	8451	8541
765	8022	9532	8458	8546
766	8025	9550	8463	8552
767	8029	9558	8471	8558
768	8032	9566	8477	8563
769	8037	9576	8482	8569
770	8040	9586	8487	8575
771	8047	9589	8492	8581
772	8052	9591	8497	8586
773	8057	9593	8504	8592
774	8062	9597	8511	8598
775	8065	9603	8516	8604
776	8072	9608	8523	8609
777	8077	9610	8527	8615
778	8081	9613	8533	8621
779	8086	9619	8539	8627
780	8091	9622	8543	8632
781	8095	9629	8550	8638
782	8100	9631	8557	8644
783	8105	9634	8562	8649
784	8110	9638	8569	8655
785	8114	9640	8574	8661
786	8123	9644	8580	8667
787	8130	9653	8586	8673
788	8136	9660	8592	8678
789	8141	9669	8597	8684
790	8147	9673	8603	8690
791	8152	9677	8609	8696
792	8159	9680	8615	8702
793	8163	9683	8621	8707
794	8171	9689	8626	8713
795	8176	9692	8632	8719
796	8179	9697	8638	8725
797	8183	9708	8645	8730
798	8186	9718	8651	8736
799	8189	9721	8656	8742
800	8192	9729	8663	8748
801	8199	9736	8667	8754
802	8208	9740	8674	8760
803	8213	9744	8680	8765
804	8216	9748	8685	8771
805	8219	9752	8690	8777
806	8230	9758	8696	8783
807	8233	9767	8703	8789
808	8238	9771	8708	8794
809	8241	9776	8714	8800
810	8248	9778	8720	8806
811	8251	9782	8727	8812
812	8254	9789	8731	8818
813	8258	9798	8737	8824
814	8262	9805	8743	8829
815	8264	9812	8748	8835
816	8274	9817	8754	8841
817	8282	9823	8760	8846
818	8288	9828	8766	8851
819	8293	9831	8771	8856
820	8300	9839	8776	8862
821	8309	9840	8782	8867
822	8315	9843	8789	8872
823	8317	9853	8794	8878
824	8322	9862	8800	8883
825	8329	9865	8807	8888
826	8334	9870	8812	8894
827	8341	9876	8818	8899
828	8344	9879	8824	8904
829	8347	9887	8830	8910
830	8352	9896	8836	8915
831	8358	9902	8842	8920
832	8367	9907	8848	8926
833	8372	9911	8852	8931
834	8376	9915	8857	8936
835	8383	9922	8862	8942
836	8387	9926	8867	8947
837	8393	9931	8874	8953
838	8397	9937	8881	8958
839	8406	9940	8886	8963
840	8411	9942	8891	8969
841	8411	9948	8896	8974
842	8417	9959	8901	8980
843	8422	9965	8906	8985
844	8427	9969	8912	8990
845	8432	9976	8917	8996
846	8437	9978	8923	9001
847	8446	9980	8927	9007
848	8450	9985	8933	9012
849	8454	9988	8939	9017
850	8457	9990	8945	9023
851	8460	9997	8951	9028
852	8465	10000	8956	9034
853	8471	10003	8963	9039
854	8475	10005	8970	9044
855	8481	10012	8975	9050
856	8488	10016	8982	9055
857	8490	10018	8987	9061
858	8492	10025	8993	9066
859	8500	10030	8999	9071
860	8506	10041	9005	9077
861	8511	10042	9010	9082
862	8516	10050	9015	9087
863	8524	10056	9021	9093
864	8527	10065	9026	9098
865	8529	10069	9032	9103
866	8531	10071	9036	9108
867	8535	10080	9041	9114
868	8539	10093	9046	9119
869	8547	10102	9052	9124
870	8551	10109	9057	9129
871	8558	10112	9063	9134
872	8564	10116	9067	9140
873	8568	10118	9073	9145
874	8571	10123	9079	9150
875	8577	10129	9084	9155
876	8582	10135	9090	9161
877	8591	10144	9095	9166
878	8597	10151	9101	9172
879	8602	10160	9106	9177
880	8609	10169	9111	9183
881	8619	10175	9116	9188
882	8624	10178	9122	9194
883	8629	10188	9128	9199
884	8632	10193	9133	9205
885	8635	10197	9139	9210
886	8639	10200	9144	9216
887	8643	10207	9150	9221
888	8647	10218	9156	9226
889	8651	10227	9162	9232
890	8653	10231	9167	9237
891	8660	10242	9174	9243
892	8666	10246	9180	9248
893	8673	10252	9184	9254
894	8679	10254	9189	9259
895	8685	10256	9194	9264
896	8690	10261	9199	9270
897	8696	10263	9204	9275
898	8699	10265	9211	9280
899	8707	10281	9216	9286
900	8709	10293	9222	9291
901	8715	10297	9228	9296
902	8720	10304	9232	9302
903	8727	10311	9238	9307
904	8732	10324	9244	9312
905	8737	10329	9250	9318
906	8742	10336	9255	9323
907	8748	10340	9261	9329
908	8756	10343	9267	9334
909	8763	10345	9273	9340
910	8766	10346	9278	9345
911	8770	10353	9283	9351
912	8775	10364	9288	9356
913	8782	10372	9296	9362
914	8795	10381	9301	9367
915	8797	10389	9306	9373
916	8805	10394	9315	9378
917	8810	10409	9321	9384
918	8817	10419	9326	9389
919	8822	10427	9330	9395
920	8827	10434	9335	9400
921	8833	10437	9340	9406
922	8839	10441	9346	9411
923	8846	10446	9352	9417
924	8853	10451	9358	9422
925	8858	10456	9364	9428
926	8863	10460	9369	9433
927	8869	10466	9374	9439
928	8878	10471	9380	9444
929	8884	10476	9384	9450
930	8890	10484	9391	9455
931	8894	10490	9396	9460
932	8900	10493	9402	9466
933	8905	10502	9405	9471
934	8909	10513	9411	9477
935	8913	10516	9417	9482
936	8920	10525	9422	9488
937	8927	10533	9427	9493
938	8930	10537	9435	9498
939	8934	10549	9440	9504
940	8940	10556	9445	9509
941	8946	10562	9451	9514
942	8950	10568	9457	9520
943	8955	10581	9462	9525
944	8960	10587	9468	9530
945	8965	10595	9474	9536
946	8970	10598	9479	9541
947	8976	10601	9484	9546
948	8981	10604	9490	9552
949	8985	10608	9494	9557
950	8992	10610	9500	9562
951	8995	10616	9504	9568
952	9001	10622	9509	9573
953	9006	10628	9515	9578
954	9013	10634	9520	9583
955	9018	10640	9527	9589
956	9023	10648	9533	9594
957	9027	10655	9540	9599
958	9030	10666	9544	9605
959	9038	10678	9551	9610
960	9043	10685	9556	9615
961	9047	10696	9561	9621
962	9050	10699	9567	9626
963	9057	10702	9572	9631
964	9062	10704	9576	9636
965	9069	10707	9581	9642
966	9074	10713	9586	9647
967	9080	10718	9592	9653
968	9084	10724	9599	9658
969	9090	10730	9604	9663
970	9096	10736	9610	9669
971	9103	10742	9614	9674
972	9108	10748	9619	9680
973	9114	10754	9625	9685
974	9116	10764	9631	9690
975	9118	10775	9637	9696
976	9124	10781	9642	9701
977	9131	10789	9648	9707
978	9134	10790	9653	9712
979	9139	10800	9658	9717
980	9144	10807	9664	9723
981	9152	10812	9670	9728
982	9162	10814	9675	9734
983	9168	10820	9679	9739
984	9175	10822	9685	9744
985	9183	10825	9689	9750
986	9189	10835	9696	9755
987	9196	10839	9703	9760
988	9201	10843	9708	9766
989	9209	10846	9714	9771
990	9216	10850	9718	9776
991	9222	10863	9723	9782
992	9227	10873	9729	9787
993	9231	10879	9734	9792
994	9235	10883	9739	9798
995	9239	10888	9743	9803
996	9251	10892	9748	9808
997	9260	10904	9754	9814
998	9265	10908	9758	9819
999	9270	10913	9763	9825
1000	9273	10917	9768	9830
1001	9279	10920	9774	9836
1002	9285	10926	9781	9841
1003	9288	10931	9786	9846
1004	9293	10938	9791	9852
1005	9300	10947	9797	9857
1006	9304	10949	9802	9863
1007	9309	10954	9807	9868
1008	9316	10957	9813	9874
1009	9320	10960	9819	9879
1010	9325	10965	9823	9885
1011	9333	10968	9829	9890
1012	9336	10974	9834	9896
1013	9342	10977	9840	9901
1014	9349	10984	9845	9906
1015	9357	10989	9850	9912
1016	9364	10995	9856	9917
1017	9370	11002	9861	9923
1018	9375	11009	9868	9928
1019	9380	11017	9872	9934
1020	9385	11027	9880	9939
1021	9392	11038	9886	9945
1022	9399	11045	9891	9950
1023	9402	11052	9898	9956
1024	9405	11057	9903	9961
1025	9409	11062	9908	9967
1026	9416	11071	9914	9972
1027	9421	11077	9921	9977
1028	9432	11078	9926	9983
1029	9434	11081	9933	9988
1030	9442	11085	9939	9993
1031	9448	11088	9944	9999
1032	9456	11096	9948	10004
1033	9461	11106	9954	10009
1034	9465	11112	9959	10015
1035	9467	11118	9966	10020
1036	9473	11121	9972	10025
1037	9480	11128	9976	10031
1038	9486	11135	9983	10036
1039	9489	11140	9988	10041
1040	9492	11146	9993	10047
1041	9497	11154	9999	10053
1042	9501	11161	10005	10059
1043	9504	11171	10014	10065
1044	9509	11181	10020	10071
1045	9513	11187	10026	10077
1046	9516	11191	10032	10083
1047	9520	11196	10039	10089
1048	9523	11205	10046	10095
1049	9525	11210	10051	10101
1050	9528	11217	10057	10107
1051	9530	11224	10063	10113
1052	9534	11233	10069	10119
1053	9538	11238	10076	10125
1054	9542	11245	10083	10131
1055	9545	11257	10090	10137
1056	9550	11262	10099	10143
1057	9559	11266	10104	10149
1058	9563	11274	10112	10155
1059	9571	11282	10118	10161
1060	9575	11287	10126	10167
1061	9581	11297	10133	10172
1062	9586	11302	10139	10178
1063	9590	11309	10145	10184
1064	9596	11316	10153	10190
1065	9601	11319	10158	10196
1066	9604	11325	10162	10202
1067	9609	11334	10167	10208
1068	9611	11344	10175	10214
1069	9615	11353	10181	10220
