depth	min	max	median	mean
550	4325	4836	4615	4607
551	4328	4838	4617	4609
552	4331	4840	4618	4611
553	4332	4842	4620	4613
554	4333	4844	4621	4615
555	4333	4847	4623	4617
556	4336	4849	4625	4618
557	4337	4851	4627	4620
558	4339	4853	4629	4622
559	4340	4854	4630	4624
560	4341	4856	4632	4626
561	4341	4857	4634	4628
562	4344	4859	4636	4630
563	4348	4862	4638	4632
564	4349	4865	4640	4634
565	4352	4866	4642	4636
566	4355	4868	4643	4638
567	4359	4870	4645	4640
568	4360	4871	4647	4641
569	4363	4872	4649	4643
570	4368	4875	4651	4645
571	4369	4877	4652	4647
572	4371	4879	4654	4649
573	4373	4880	4656	4651
574	4376	4882	4658	4653
575	4378	4883	4659	4655
576	4380	4887	4662	4657
577	4383	4889	4663	4658
578	4384	4891	4665	4660
579	4385	4894	4667	4662
580	4389	4896	4668	4664
581	4389	4898	4670	4666
582	4395	4900	4671	4668
583	4397	4901	4674	4670
584	4400	4902	4676	4672
585	4402	4904	4678	4674
586	4403	4906	4681	4676
587	4407	4908	4683	4677
588	4410	4911	4685	4679
589	4411	4914	4686	4681
590	4413	4917	4689	4683
591	4414	4918	4690	4685
592	4416	4920	4692	4687
593	4419	4922	4694	4689
594	4420	4923	4696	4691
595	4423	4924	4698	4693
596	4424	4926	4700	4695
597	4426	4928	4702	4697
598	4426	4930	4704	4699
599	4427	4931	4706	4701
600	4429	4933	4708	4702
601	4432	4935	4710	4704
602	4434	4936	4712	4706
603	4436	4937	4715	4708
604	4437	4938	4716	4710
605	4440	4941	4718	4712
606	4443	4943	4720	4714
607	4444	4945	4722	4716
608	4446	4946	4724	4718
609	4450	4948	4726	4719
610	4456	4950	4728	4721
611	4456	4952	4729	4723
612	4459	4954	4732	4725
613	4464	4955	4734	4727
614	4466	4957	4735	4729
615	4467	4959	4737	4731
616	4469	4960	4738	4733
617	4471	4961	4740	4735
618	4472	4962	4742	4737
619	4474	4965	4744	4739
620	4475	4966	4746	4741
621	4476	4968	4748	4743
622	4480	4970	4750	4744
623	4484	4971	4752	4746
624	4487	4973	4754	4748
625	4487	4975	4756	4750
626	4488	4977	4758	4752
627	4489	4980	4759	4754
628	4490	4981	4761	4756
629	4492	4982	4763	4758
630	4494	4984	4764	4760
631	4496	4986	4766	4761
632	4497	4988	4768	4763
633	4499	4990	4770	4765
634	4501	4991	4773	4767
635	4502	4994	4774	4769
636	4505	4996	4776	4771
637	4506	4998	4778	4773
638	4509	5002	4780	4775
639	4509	5003	4782	4777
640	4510	5005	4784	4778
641	4513	5006	4785	4780
642	4514	5006	4787	4782
643	4516	5008	4789	4784
644	4519	5011	4791	4786
645	4523	5014	4793	4788
646	4526	5015	4795	4790
647	4528	5017	4797	4792
648	4529	5019	4799	4793
649	4531	5021	4800	4795
650	4533	5022	4802	4797
651	4537	5025	4804	4799
652	4540	5026	4806	4801
653	4541	5029	4808	4803
654	4543	5031	4809	4805
655	4545	5032	4811	4807
656	4546	5033	4814	4808
657	4548	5037	4816	4810
658	4550	5038	4818	4812
659	4551	5040	4819	4814
660	4553	5041	4821	4816
661	4558	5043	4824	4818
662	4562	5044	4825	4820
663	4564	5046	4827	4822
664	4567	5049	4829	4823
665	4569	5051	4830	4825
666	4571	5054	4832	4827
667	4573	5056	4834	4829
668	4576	5057	4836	4831
669	4579	5059	4838	4833
670	4581	5061	4840	4835
671	4581	5063	4842	4836
672	4583	5064	4843	4838
673	4585	5066	4845	4840
674	4586	5068	4847	4842
675	4587	5069	4849	4844
676	4588	5071	4851	4846
677	4589	5074	4852	4847
678	4592	5076	4854	4849
679	4593	5078	4855	4851
680	4594	5080	4857	4853
681	4595	5081	4859	4855
682	4596	5083	4861	4857
683	4597	5086	4863	4859
684	4600	5087	4864	4860
685	4603	5090	4866	4862
686	4605	5092	4868	4864
687	4607	5094	4870	4866
688	4610	5096	4873	4868
689	4613	5099	4875	4870
690	4614	5102	4877	4872
691	4616	5104	4878	4874
692	4617	5105	4880	4876
693	4618	5106	4882	4877
694	4620	5108	4884	4879
695	4622	5109	4886	4881
696	4624	5111	4888	4883
697	4625	5114	4890	4885
698	4626	5117	4891	4887
699	4628	5117	4894	4889
700	4629	5120	4895	4891
701	4631	5121	4897	4893
702	4633	5124	4899	4895
703	4635	5125	4901	4897
704	4636	5128	4903	4899
705	4637	5130	4905	4900
706	4638	5132	4907	4902
707	4639	5134	4909	4904
708	4641	5137	4910	4906
709	4643	5138	4912	4908
710	4645	5140	4914	4910
711	4648	5143	4916	4912
712	4652	5145	4917	4914
713	4654	5146	4920	4916
714	4656	5147	4922	4918
715	4657	5149	4923	4920
716	4661	5150	4925	4922
717	4663	5151	4927	4923
718	4665	5154	4929	4925
719	4669	5157	4931	4927
720	4671	5159	4933	4929
721	4672	5162	4935	4931
722	4674	5164	4936	4933
723	4677	5165	4938	4935
724	4678	5165	4940	4936
725	4679	5167	4942	4938
726	4681	5169	4944	4940
727	4683	5170	4946	4942
728	4685	5173	4948	4944
729	4687	5176	4949	4946
730	4688	5178	4951	4948
731	4691	5179	4952	4949
732	4692	5180	4954	4951
733	4694	5184	4956	4953
734	4695	5186	4958	4955
735	4697	5188	4960	4957
736	4698	5190	4962	4959
737	4700	5192	4964	4961
738	4706	5195	4966	4963
739	4709	5196	4968	4965
740	4709	5199	4971	4966
741	4714	5202	4972	4968
742	4715	5204	4975	4970
743	4717	5205	4976	4972
744	4718	5207	4978	4974
745	4719	5210	4980	4976
746	4721	5212	4981	4978
747	4723	5213	4983	4980
748	4724	5216	4985	4982
749	4726	5218	4986	4984
750	4727	5221	4988	4985
751	4729	5222	4990	4987
752	4731	5224	4992	4989
753	4733	5224	4994	4991
754	4735	5226	4995	4993
755	4738	5227	4998	4995
756	4740	5229	5000	4997
757	4742	5231	5002	4999
758	4745	5232	5004	5000
759	4748	5234	5006	5002
760	4750	5235	5007	5004
761	4751	5237	5009	5006
762	4754	5238	5011	5008
763	4755	5241	5013	5010
764	4756	5242	5015	5012
765	4758	5244	5017	5014
766	4760	5244	5019	5016
767	4762	5246	5021	5017
768	4765	5248	5022	5019
769	4767	5250	5024	5021
770	4768	5252	5025	5023
771	4771	5254	5028	5025
772	4772	5257	5030	5027
773	4775	5258	5032	5029
774	4777	5259	5034	5031
775	4780	5262	5036	5033
776	4783	5264	5038	5035
777	4785	5265	5040	5037
778	4786	5267	5042	5038
779	4786	5268	5044	5040
780	4788	5272	5045	5042
781	4789	5273	5047	5044
782	4793	5275	5049	5046
783	4795	5276	5051	5048
784	4799	5277	5053	5050
785	4802	5278	5055	5052
786	4803	5279	5056	5054
787	4803	5281	5059	5056
788	4806	5283	5060	5057
789	4808	5286	5062	5059
790	4809	5288	5064	5061
791	4811	5290	5066	5063
792	4811	5292	5068	5065
793	4812	5294	5070	5067
794	4814	5296	5072	5069
795	4817	5298	5074	5071
796	4820	5300	5075	5073
797	4823	5302	5077	5074
798	4827	5304	5079	5076
799	4829	5306	5081	5078
800	4830	5310	5082	5080
801	4832	5310	5084	5082
802	4833	5314	5086	5084
803	4834	5315	5088	5086
804	4835	5316	5089	5088
805	4840	5318	5091	5090
806	4843	5320	5093	5091
807	4844	5322	5095	5093
808	4846	5323	5097	5095
809	4847	5324	5099	5097
810	4850	5325	5100	5099
811	4853	5327	5102	5101
812	4855	5328	5104	5103
813	4858	5330	5106	5105
814	4859	5332	5108	5107
815	4861	5334	5110	5108
816	4862	5336	5113	5110
817	4865	5339	5115	5112
818	4867	5340	5116	5114
819	4868	5341	5118	5116
820	4870	5344	5120	5118
821	4872	5347	5122	5120
822	4872	5349	5124	5122
823	4874	5351	5125	5124
824	4876	5354	5127	5126
825	4877	5357	5129	5128
826	4879	5358	5131	5130
827	4881	5361	5133	5131
828	4883	5362	5135	5133
829	4884	5363	5137	5135
830	4887	5365	5140	5137
831	4888	5367	5141	5139
832	4891	5368	5143	5141
833	4893	5371	5145	5143
834	4895	5371	5147	5145
835	4898	5373	5149	5147
836	4900	5374	5152	5148
837	4902	5376	5154	5150
838	4903	5377	5155	5152
839	4905	5378	5157	5154
840	4906	5380	5159	5156
841	4908	5382	5161	5158
842	4910	5385	5163	5160
843	4913	5387	5165	5162
844	4916	5390	5166	5164
845	4919	5392	5168	5166
846	4922	5393	5171	5168
847	4925	5395	5172	5170
848	4926	5396	5175	5172
849	4928	5397	5177	5174
850	4930	5398	5178	5176
851	4933	5399	5180	5178
852	4933	5401	5182	5179
853	4933	5403	5184	5181
854	4937	5406	5186	5183
855	4937	5409	5188	5185
856	4937	5410	5189	5187
857	4941	5413	5191	5189
858	4942	5415	5193	5191
859	4943	5417	5195	5193
860	4945	5418	5197	5194
861	4948	5420	5199	5196
862	4949	5421	5200	5198
863	4951	5422	5203	5200
864	4953	5425	5204	5202
865	4956	5427	5206	5204
866	4958	5429	5208	5205
867	4959	5432	5209	5207
868	4961	5434	5211	5209
869	4963	5437	5214	5211
870	4965	5438	5215	5213
871	4968	5439	5217	5215
872	4969	5441	5219	5217
873	4971	5443	5221	5219
874	4973	5444	5223	5220
875	4974	5444	5225	5222
876	4974	5446	5227	5224
877	4976	5447	5229	5226
878	4977	5450	5231	5228
879	4984	5451	5233	5230
880	4988	5452	5235	5232
881	4989	5455	5237	5234
882	4990	5458	5239	5236
883	4992	5460	5241	5237
884	4995	5461	5242	5239
885	4996	5463	5244	5241
886	4998	5465	5246	5243
887	4999	5466	5248	5245
888	5001	5468	5249	5247
889	5003	5469	5252	5249
890	5004	5470	5253	5250
891	5006	5471	5255	5252
892	5008	5473	5258	5254
893	5012	5475	5260	5256
894	5014	5476	5262	5258
895	5015	5478	5264	5260
896	5018	5482	5265	5262
897	5019	5484	5267	5264
898	5020	5486	5269	5266
899	5020	5486	5271	5267
900	5021	5488	5272	5269
901	5023	5491	5274	5271
902	5025	5492	5276	5273
903	5027	5495	5278	5275
904	5030	5498	5279	5277
905	5031	5499	5281	5279
906	5034	5501	5283	5281
907	5035	5504	5285	5283
908	5036	5507	5287	5285
909	5038	5508	5288	5287
910	5041	5511	5290	5289
911	5043	5512	5291	5290
912	5045	5514	5293	5292
913	5047	5516	5296	5294
914	5049	5517	5297	5296
915	5050	5518	5299	5298
916	5053	5521	5301	5300
917	5055	5523	5303	5301
918	5056	5525	5305	5303
919	5057	5527	5306	5305
920	5059	5528	5308	5307
921	5061	5529	5310	5309
922	5062	5531	5312	5311
923	5063	5533	5314	5313
924	5064	5536	5316	5315
925	5065	5538	5319	5316
926	5067	5541	5321	5318
927	5069	5543	5323	5320
928	5070	5545	5324	5322
929	5071	5547	5326	5324
930	5071	5549	5328	5326
931	5074	5550	5330	5328
932	5077	5553	5332	5330
933	5081	5554	5334	5331
934	5084	5555	5336	5333
935	5086	5556	5338	5335
936	5089	5558	5340	5337
937	5092	5558	5342	5339
938	5097	5560	5344	5341
939	5099	5562	5346	5343
940	5102	5565	5348	5345
941	5102	5568	5350	5347
942	5103	5571	5352	5348
943	5104	5572	5353	5350
944	5106	5574	5355	5352
945	5109	5576	5357	5354
946	5112	5578	5359	5356
947	5114	5579	5360	5358
948	5115	5581	5362	5360
949	5117	5585	5364	5362
950	5119	5586	5366	5364
951	5120	5588	5368	5365
952	5122	5590	5370	5367
953	5124	5591	5372	5369
954	5127	5592	5374	5371
955	5130	5594	5375	5373
956	5132	5595	5377	5375
957	5134	5599	5379	5377
958	5135	5601	5381	5379
959	5136	5601	5382	5381
960	5137	5602	5384	5383
961	5141	5604	5386	5385
962	5143	5606	5388	5387
963	5145	5608	5390	5388
964	5147	5611	5392	5390
965	5148	5612	5395	5392
966	5151	5614	5397	5394
967	5153	5616	5398	5396
968	5153	5617	5401	5398
969	5154	5619	5403	5400
970	5155	5620	5405	5402
971	5157	5623	5406	5404
972	5160	5623	5408	5405
973	5162	5625	5410	5407
974	5163	5626	5412	5409
975	5165	5628	5414	5411
976	5168	5630	5416	5413
977	5169	5633	5418	5415
978	5172	5635	5419	5417
979	5173	5637	5421	5418
980	5173	5639	5423	5420
981	5176	5640	5425	5422
982	5179	5641	5426	5424
983	5182	5644	5428	5426
984	5183	5646	5430	5428
985	5185	5649	5432	5430
986	5187	5651	5434	5432
987	5189	5654	5436	5434
988	5190	5656	5438	5436
989	5192	5659	5440	5437
990	5194	5662	5442	5439
991	5195	5664	5444	5441
992	5199	5666	5446	5443
993	5201	5667	5448	5445
994	5203	5668	5450	5447
995	5207	5669	5451	5449
996	5211	5671	5453	5451
997	5212	5671	5455	5453
998	5214	5674	5457	5455
999	5217	5677	5459	5457
1000	5219	5679	5461	5458
1001	5221	5683	5462	5460
1002	5223	5684	5464	5462
1003	5224	5685	5466	5464
1004	5225	5688	5468	5466
1005	5226	5690	5470	5468
1006	5228	5692	5472	5470
1007	5228	5693	5473	5472
1008	5230	5694	5475	5474
1009	5231	5695	5477	5476
1010	5232	5697	5479	5478
1011	5234	5699	5481	5480
1012	5236	5701	5483	5481
1013	5238	5703	5485	5483
1014	5240	5707	5487	5485
1015	5242	5708	5488	5487
1016	5243	5712	5491	5489
1017	5245	5714	5493	5491
1018	5248	5717	5494	5493
1019	5250	5719	5496	5495
1020	5252	5721	5498	5497
1021	5254	5723	5500	5499
1022	5257	5725	5502	5501
1023	5259	5727	5504	5503
1024	5262	5730	5506	5505
1025	5263	5731	5508	5507
1026	5264	5735	5510	5508
1027	5266	5737	5511	5510
1028	5267	5739	5514	5512
1029	5269	5742	5516	5514
1030	5271	5745	5519	5516
1031	5272	5747	5520	5518
1032	5275	5748	5522	5520
1033	5277	5750	5524	5522
1034	5279	5752	5526	5524
1035	5282	5754	5528	5526
1036	5284	5755	5530	5528
1037	5286	5759	5532	5530
1038	5288	5760	5533	5532
1039	5289	5762	5535	5533
1040	5291	5765	5537	5535
1041	5294	5767	5539	5537
1042	5297	5769	5541	5539
1043	5299	5770	5542	5541
1044	5301	5773	5544	5543
1045	5303	5773	5546	5545
1046	5305	5775	5548	5547
1047	5306	5778	5550	5549
1048	5309	5780	5551	5551
1049	5311	5781	5553	5552
1050	5313	5783	5555	5554
1051	5315	5784	5557	5556
1052	5316	5788	5558	5558
1053	5316	5790	5560	5560
1054	5318	5791	5562	5562
1055	5320	5793	5564	5564
1056	5322	5796	5566	5566
1057	5324	5798	5568	5568
1058	5326	5801	5570	5570
1059	5328	5804	5572	5572
1060	5330	5808	5574	5573
1061	5331	5808	5576	5575
1062	5333	5809	5578	5577
1063	5334	5810	5579	5579
1064	5335	5812	5581	5581
1065	5336	5817	5583	5583
1066	5336	5820	5585	5585
1067	5339	5821	5587	5587
1068	5342	5824	5589	5589
1069	5344	5827	5591	5591
1070	5345	5828	5593	5593
1071	5346	5830	5595	5595
1072	5348	5833	5598	5597
1073	5349	5834	5600	5599
1074	5352	5836	5602	5601
1075	5354	5840	5604	5603
1076	5356	5841	5605	5605
1077	5358	5843	5607	5607
1078	5361	5847	5609	5609
1079	5363	5850	5611	5611
1080	5364	5853	5613	5613
1081	5366	5855	5615	5615
1082	5369	5855	5617	5617
1083	5371	5856	5619	5619
1084	5372	5857	5621	5621
1085	5374	5857	5623	5623
1086	5375	5860	5625	5624
1087	5377	5864	5627	5626
1088	5379	5866	5629	5628
1089	5380	5868	5631	5630
1090	5383	5871	5633	5632
1091	5384	5873	5635	5634
1092	5386	5874	5637	5636
1093	5388	5876	5639	5638
1094	5389	5880	5641	5640
1095	5391	5882	5643	5642
1096	5392	5884	5645	5644
1097	5396	5887	5648	5646
1098	5397	5890	5650	5648
1099	5398	5891	5652	5650
1100	5400	5894	5654	5652
1101	5401	5895	5655	5654
1102	5405	5897	5658	5655
1103	5407	5899	5659	5657
1104	5408	5901	5661	5659
1105	5410	5901	5663	5661
1106	5411	5903	5665	5663
1107	5413	5904	5667	5665
1108	5415	5905	5669	5667
1109	5416	5906	5671	5669
1110	5418	5908	5672	5671
1111	5421	5913	5674	5673
1112	5425	5914	5676	5675
1113	5427	5916	5678	5677
1114	5428	5920	5680	5678
1115	5430	5923	5682	5680
1116	5433	5926	5684	5682
1117	5436	5930	5686	5684
1118	5438	5933	5688	5686
1119	5439	5935	5690	5688
1120	5441	5937	5692	5690
1121	5442	5938	5694	5692
1122	5443	5941	5696	5694
1123	5445	5944	5698	5696
1124	5446	5945	5700	5698
1125	5449	5946	5701	5700
1126	5451	5948	5703	5702
1127	5453	5951	5705	5704
1128	5454	5954	5707	5706
1129	5456	5958	5709	5708
1130	5459	5960	5711	5709
1131	5461	5963	5713	5711
1132	5462	5966	5715	5713
1133	5464	5967	5716	5715
1134	5465	5970	5718	5717
1135	5467	5971	5719	5719
1136	5468	5971	5721	5721
1137	5469	5974	5723	5723
1138	5471	5977	5725	5725
1139	5473	5979	5727	5727
1140	5473	5980	5728	5729
1141	5475	5982	5731	5731
1142	5477	5984	5733	5733
1143	5479	5986	5735	5735
1144	5481	5988	5737	5737
1145	5484	5990	5739	5739
1146	5486	5993	5741	5741
1147	5487	5995	5743	5743
1148	5490	5998	5745	5745
1149	5492	6000	5747	5747
1150	5494	6003	5749	5749
1151	5496	6004	5751	5751
1152	5498	6005	5752	5753
1153	5500	6006	5755	5755
1154	5502	6008	5757	5757
1155	5504	6009	5759	5759
1156	5505	6011	5761	5761
1157	5507	6012	5763	5762
1158	5508	6014	5765	5764
1159	5510	6016	5767	5766
1160	5513	6018	5769	5768
1161	5516	6020	5771	5770
1162	5520	6022	5773	5772
1163	5523	6024	5775	5774
1164	5525	6026	5776	5776
1165	5525	6028	5778	5778
1166	5526	6030	5780	5780
1167	5527	6032	5782	5781
1168	5527	6035	5784	5783
1169	5528	6037	5785	5785
1170	5529	6038	5787	5787
1171	5530	6041	5789	5789
1172	5533	6045	5791	5791
1173	5535	6046	5793	5793
1174	5535	6048	5794	5795
1175	5536	6050	5797	5797
1176	5539	6052	5799	5799
1177	5540	6053	5800	5801
1178	5541	6055	5803	5803
1179	5542	6060	5805	5805
1180	5544	6061	5807	5806
1181	5545	6062	5808	5808
1182	5549	6064	5810	5810
1183	5552	6066	5811	5812
1184	5554	6069	5813	5814
1185	5556	6070	5815	5816
1186	5558	6073	5818	5818
1187	5559	6075	5820	5820
1188	5561	6077	5822	5822
1189	5563	6078	5824	5823
1190	5564	6081	5825	5825
1191	5565	6082	5827	5827
1192	5566	6084	5829	5829
1193	5569	6088	5831	5831
1194	5572	6091	5832	5833
1195	5573	6093	5834	5835
1196	5576	6095	5835	5837
1197	5579	6098	5837	5839
1198	5582	6101	5839	5841
1199	5585	6104	5841	5843
1200	5587	6106	5843	5845
1201	5588	6108	5845	5847
1202	5589	6112	5847	5849
1203	5590	6113	5849	5850
1204	5592	6114	5851	5852
1205	5595	6116	5853	5854
1206	5597	6118	5856	5856
1207	5599	6121	5857	5858
1208	5601	6124	5859	5860
1209	5603	6127	5861	5862
1210	5604	6129	5863	5864
1211	5606	6130	5865	5866
1212	5608	6132	5867	5868
1213	5609	6134	5869	5870
1214	5611	6136	5871	5872
1215	5612	6137	5872	5874
1216	5614	6140	5874	5876
1217	5614	6141	5876	5878
1218	5617	6145	5878	5880
1219	5620	6146	5880	5882
1220	5622	6147	5882	5883
1221	5624	6151	5884	5885
1222	5625	6154	5886	5887
1223	5627	6157	5889	5889
1224	5629	6160	5890	5891
1225	5631	6163	5892	5893
1226	5632	6165	5894	5895
1227	5634	6167	5896	5897
1228	5636	6168	5898	5899
1229	5639	6170	5900	5901
1230	5642	6170	5902	5903
1231	5644	6172	5904	5905
1232	5648	6174	5905	5907
1233	5650	6176	5907	5909
1234	5650	6180	5909	5910
1235	5651	6180	5911	5912
1236	5652	6181	5913	5914
1237	5653	6183	5915	5916
1238	5654	6185	5917	5918
1239	5655	6187	5919	5920
1240	5655	6188	5921	5922
1241	5658	6190	5922	5924
1242	5661	6194	5924	5925
1243	5664	6196	5926	5927
1244	5666	6199	5928	5929
1245	5668	6201	5930	5931
1246	5669	6203	5932	5933
1247	5672	6205	5934	5935
1248	5673	6206	5936	5937
1249	5675	6208	5937	5939
1250	5677	6210	5939	5941
1251	5679	6212	5941	5943
1252	5681	6213	5943	5945
1253	5682	6215	5945	5946
1254	5683	6217	5948	5948
1255	5684	6218	5950	5950
1256	5686	6220	5952	5952
1257	5688	6221	5954	5954
1258	5690	6222	5956	5956
1259	5691	6224	5959	5958
1260	5691	6227	5960	5960
1261	5693	6230	5962	5962
1262	5694	6230	5964	5964
1263	5696	6232	5967	5966
1264	5697	6234	5969	5968
1265	5699	6235	5972	5970
1266	5703	6237	5974	5972
1267	5705	6239	5975	5973
1268	5707	6240	5977	5975
1269	5707	6242	5980	5977
1270	5708	6244	5981	5979
1271	5711	6245	5983	5981
1272	5716	6247	5985	5983
1273	5717	6250	5987	5985
1274	5718	6252	5988	5987
1275	5720	6253	5990	5989
1276	5723	6255	5992	5991
1277	5725	6257	5994	5992
1278	5727	6260	5996	5994
1279	5728	6263	5997	5996
1280	5732	6265	5999	5998
1281	5733	6268	6001	6000
1282	5736	6270	6003	6002
1283	5737	6272	6005	6004
1284	5739	6274	6007	6006
1285	5742	6278	6008	6007
1286	5743	6280	6010	6009
1287	5743	6281	6012	6011
1288	5744	6284	6014	6013
1289	5745	6285	6016	6015
1290	5747	6288	6018	6017
1291	5750	6289	6020	6019
1292	5751	6290	6022	6021
1293	5751	6292	6024	6023
1294	5753	6293	6026	6025
1295	5758	6294	6028	6027
1296	5759	6295	6030	6029
1297	5760	6298	6033	6031
1298	5763	6300	6035	6033
1299	5763	6301	6037	6034
1300	5766	6303	6038	6036
1301	5768	6306	6040	6038
1302	5770	6306	6042	6040
1303	5772	6309	6043	6042
1304	5773	6314	6045	6044
1305	5775	6315	6047	6046
1306	5776	6317	6049	6048
1307	5778	6320	6051	6050
1308	5780	6324	6053	6052
1309	5782	6325	6055	6054
1310	5784	6326	6057	6056
1311	5786	6329	6060	6058
1312	5788	6330	6061	6060
1313	5793	6333	6063	6062
1314	5795	6336	6064	6064
1315	5798	6339	6066	6066
1316	5799	6342	6069	6067
1317	5800	6344	6071	6069
1318	5801	6346	6073	6071
1319	5802	6350	6074	6073
1320	5804	6352	6076	6075
1321	5806	6353	6079	6077
1322	5807	6355	6080	6079
1323	5809	6357	6083	6081
1324	5812	6357	6084	6083
1325	5814	6358	6086	6085
1326	5816	6361	6088	6086
1327	5820	6363	6090	6088
1328	5821	6365	6092	6090
1329	5825	6368	6094	6092
1330	5826	6369	6096	6094
1331	5827	6372	6097	6096
1332	5828	6373	6099	6098
1333	5830	6375	6101	6100
1334	5830	6376	6103	6102
1335	5832	6376	6105	6104
1336	5833	6379	6107	6106
1337	5835	6383	6109	6108
1338	5836	6384	6110	6110
1339	5837	6386	6113	6112
1340	5838	6388	6114	6114
1341	5841	6390	6116	6116
1342	5842	6393	6117	6117
1343	5843	6396	6119	6119
1344	5846	6397	6122	6121
1345	5848	6399	6124	6123
1346	5850	6401	6125	6125
1347	5852	6402	6127	6127
1348	5854	6406	6129	6129
1349	5856	6408	6131	6131
1350	5858	6411	6133	6133
1351	5860	6413	6134	6135
1352	5862	6416	6137	6137
1353	5862	6417	6138	6139
1354	5863	6420	6140	6141
1355	5864	6422	6142	6143
1356	5867	6425	6144	6145
1357	5869	6426	6146	6147
1358	5872	6427	6148	6149
1359	5873	6428	6150	6151
1360	5874	6431	6152	6153
1361	5878	6434	6154	6155
1362	5879	6435	6156	6157
1363	5880	6437	6158	6159
1364	5880	6438	6160	6161
1365	5883	6441	6162	6162
1366	5884	6442	6164	6164
1367	5885	6443	6166	6166
1368	5886	6445	6168	6168
1369	5887	6448	6170	6170
1370	5889	6453	6172	6172
1371	5890	6456	6173	6174
1372	5891	6458	6175	6176
1373	5892	6461	6177	6178
1374	5895	6463	6179	6180
1375	5896	6465	6181	6182
1376	5898	6467	6183	6184
1377	5901	6469	6185	6186
1378	5905	6472	6187	6188
1379	5907	6473	6189	6190
1380	5908	6474	6191	6192
1381	5909	6477	6193	6194
1382	5911	6478	6195	6196
1383	5913	6480	6197	6198
1384	5914	6481	6198	6200
1385	5916	6483	6201	6201
1386	5918	6485	6203	6203
1387	5919	6487	6204	6205
1388	5922	6490	6206	6207
1389	5922	6490	6208	6209
1390	5924	6491	6209	6211
1391	5928	6494	6211	6213
1392	5931	6495	6213	6215
1393	5932	6498	6215	6217
1394	5934	6500	6218	6218
1395	5935	6501	6219	6220
1396	5936	6502	6221	6222
1397	5939	6504	6224	6224
1398	5941	6507	6226	6226
1399	5942	6509	6227	6228
1400	5944	6511	6229	6230
1401	5947	6513	6231	6232
1402	5950	6514	6233	6234
1403	5952	6519	6235	6236
1404	5955	6522	6237	6238
1405	5957	6524	6239	6240
1406	5958	6528	6241	6242
1407	5959	6529	6243	6244
1408	5961	6530	6245	6245
1409	5962	6531	6247	6247
1410	5965	6533	6249	6249
1411	5966	6534	6251	6251
1412	5968	6535	6252	6253
1413	5970	6537	6254	6255
1414	5973	6539	6255	6257
1415	5976	6541	6257	6259
1416	5979	6543	6259	6261
1417	5982	6546	6261	6263
1418	5984	6548	6263	6265
1419	5989	6550	6265	6267
1420	5992	6550	6267	6269
1421	5993	6554	6270	6271
1422	5995	6555	6271	6273
1423	5996	6559	6273	6274
1424	5998	6560	6275	6276
1425	5999	6560	6277	6278
1426	5999	6564	6279	6280
1427	6000	6568	6281	6282
1428	6001	6571	6283	6284
1429	6003	6573	6285	6286
1430	6005	6578	6286	6288
1431	6007	6580	6289	6290
1432	6010	6582	6290	6292
1433	6011	6584	6293	6294
1434	6015	6586	6294	6296
1435	6018	6587	6297	6298
1436	6019	6588	6298	6299
1437	6021	6591	6300	6301
1438	6023	6592	6302	6303
1439	6025	6595	6304	6305
1440	6027	6597	6305	6307
1441	6029	6597	6307	6309
1442	6031	6599	6309	6311
1443	6034	6601	6311	6313
1444	6035	6604	6313	6315
1445	6037	6606	6315	6317
1446	6038	6607	6316	6319
1447	6040	6608	6318	6321
1448	6042	6611	6319	6323
1449	6044	6612	6322	6325
1450	6045	6614	6323	6327
1451	6047	6616	6325	6329
1452	6048	6619	6328	6331
1453	6050	6622	6330	6333
1454	6051	6623	6332	6334
1455	6053	6625	6333	6336
1456	6055	6627	6336	6338
1457	6056	6629	6338	6340
1458	6059	6632	6339	6342
1459	6060	6634	6342	6344
1460	6061	6636	6344	6346
1461	6063	6637	6346	6348
1462	6064	6639	6347	6350
1463	6066	6640	6349	6352
1464	6069	6643	6352	6354
1465	6073	6644	6354	6356
1466	6074	6645	6356	6358
1467	6076	6646	6358	6360
1468	6077	6649	6361	6362
1469	6078	6652	6363	6363
1470	6080	6655	6365	6365
1471	6082	6656	6367	6367
1472	6082	6659	6368	6369
1473	6085	6661	6370	6371
1474	6087	6662	6372	6373
1475	6088	6664	6374	6375
1476	6091	6665	6376	6377
1477	6091	6668	6378	6378
1478	6094	6670	6380	6380
1479	6097	6672	6381	6382
1480	6100	6675	6382	6384
1481	6102	6676	6385	6386
1482	6102	6678	6386	6388
1483	6104	6679	6388	6390
1484	6105	6680	6390	6392
1485	6106	6681	6392	6394
1486	6107	6682	6394	6396
1487	6110	6685	6396	6398
1488	6112	6687	6398	6400
1489	6112	6689	6400	6402
1490	6113	6691	6402	6403
1491	6113	6693	6404	6405
1492	6115	6695	6406	6407
1493	6117	6697	6409	6409
1494	6118	6698	6412	6411
1495	6120	6701	6413	6413
1496	6121	6703	6415	6415
1497	6123	6707	6417	6417
1498	6125	6708	6419	6419
1499	6126	6711	6420	6421
1500	6129	6714	6422	6423
1501	6131	6715	6424	6425
1502	6133	6718	6426	6426
1503	6135	6720	6429	6428
1504	6137	6721	6431	6430
1505	6139	6723	6432	6432
1506	6143	6725	6434	6434
1507	6144	6726	6436	6436
1508	6145	6728	6437	6438
1509	6147	6730	6440	6440
1510	6149	6734	6442	6442
1511	6151	6735	6443	6444
1512	6152	6738	6445	6445
1513	6156	6740	6446	6447
1514	6157	6742	6448	6449
1515	6160	6743	6450	6451
1516	6163	6746	6452	6453
1517	6165	6748	6455	6455
1518	6167	6750	6457	6457
1519	6168	6752	6458	6459
1520	6171	6755	6460	6461
1521	6173	6755	6462	6463
1522	6175	6757	6464	6465
1523	6176	6761	6466	6467
1524	6178	6763	6468	6469
1525	6182	6765	6470	6471
1526	6185	6766	6472	6473
1527	6186	6767	6473	6475
1528	6188	6768	6475	6477
1529	6188	6769	6476	6479
1530	6190	6771	6478	6480
1531	6193	6773	6480	6482
1532	6196	6775	6482	6484
1533	6199	6777	6483	6486
1534	6200	6779	6485	6488
1535	6202	6781	6487	6490
1536	6203	6783	6488	6492
1537	6205	6786	6490	6494
1538	6206	6788	6492	6496
1539	6209	6790	6494	6498
1540	6211	6792	6496	6500
1541	6213	6793	6498	6502
1542	6214	6795	6500	6504
1543	6215	6796	6502	6505
1544	6217	6798	6504	6507
1545	6219	6800	6506	6509
1546	6222	6803	6508	6511
1547	6224	6805	6510	6513
1548	6225	6808	6512	6515
1549	6226	6811	6514	6517
1550	6228	6813	6516	6519
1551	6230	6815	6518	6521
1552	6232	6816	6520	6523
1553	6233	6818	6522	6525
1554	6235	6818	6524	6527
1555	6238	6820	6526	6529
1556	6239	6823	6528	6531
1557	6242	6824	6530	6533
1558	6244	6827	6532	6535
1559	6245	6828	6534	6537
1560	6246	6830	6536	6539
1561	6247	6833	6538	6541
1562	6249	6835	6540	6542
1563	6251	6836	6542	6544
1564	6255	6837	6543	6546
1565	6256	6839	6545	6548
1566	6260	6840	6548	6550
1567	6260	6842	6549	6552
1568	6260	6845	6551	6554
1569	6262	6846	6553	6556
1570	6264	6850	6556	6558
1571	6266	6854	6557	6560
1572	6267	6856	6559	6562
1573	6269	6856	6561	6564
1574	6271	6859	6563	6566
1575	6273	6860	6565	6568
1576	6277	6863	6567	6570
1577	6280	6864	6569	6572
1578	6281	6867	6570	6574
1579	6281	6870	6572	6576
1580	6281	6874	6574	6578
1581	6285	6876	6576	6580
1582	6288	6876	6578	6582
1583	6290	6877	6579	6583
1584	6292	6879	6581	6585
1585	6293	6881	6583	6587
1586	6295	6883	6585	6589
1587	6296	6885	6587	6591
1588	6297	6887	6589	6593
1589	6298	6888	6591	6594
1590	6299	6889	6593	6596
1591	6301	6890	6594	6598
1592	6304	6892	6596	6600
1593	6307	6895	6598	6602
1594	6309	6897	6601	6604
1595	6311	6899	6603	6606
1596	6313	6901	6604	6608
1597	6315	6904	6606	6610
1598	6318	6906	6608	6611
1599	6319	6908	6610	6613
1600	6320	6910	6612	6615
1601	6321	6912	6614	6617
1602	6323	6914	6616	6619
1603	6325	6916	6618	6621
1604	6327	6919	6620	6623
1605	6329	6920	6622	6625
1606	6330	6922	6624	6627
1607	6332	6924	6626	6629
1608	6333	6925	6628	6631
1609	6334	6927	6630	6633
1610	6336	6931	6632	6634
1611	6338	6933	6633	6636
1612	6339	6935	6635	6638
1613	6341	6937	6637	6640
1614	6342	6938	6640	6642
1615	6343	6940	6641	6644
1616	6344	6941	6644	6646
1617	6345	6943	6645	6648
1618	6348	6945	6647	6650
1619	6349	6947	6649	6652
1620	6351	6949	6650	6654
1621	6354	6951	6653	6656
1622	6356	6952	6655	6658
1623	6358	6955	6657	6660
1624	6361	6957	6659	6661
1625	6361	6960	6661	6663
1626	6363	6963	6663	6665
1627	6365	6965	6665	6667
1628	6365	6967	6666	6669
1629	6367	6969	6668	6671
1630	6372	6971	6670	6673
1631	6373	6973	6673	6675
1632	6374	6975	6675	6677
1633	6375	6977	6676	6679
1634	6377	6980	6678	6681
1635	6378	6982	6680	6683
1636	6379	6983	6682	6685
1637	6382	6985	6684	6687
1638	6383	6986	6686	6688
1639	6385	6989	6688	6690
1640	6387	6993	6690	6692
1641	6390	6994	6692	6694
1642	6392	6994	6694	6697
1643	6396	6996	6695	6699
1644	6398	6997	6697	6701
1645	6400	7001	6699	6703
1646	6403	7003	6702	6705
1647	6405	7008	6704	6707
1648	6407	7011	6706	6709
1649	6409	7013	6708	6711
1650	6412	7015	6710	6713
1651	6413	7017	6713	6715
1652	6415	7019	6715	6717
1653	6416	7022	6717	6719
1654	6418	7024	6719	6721
1655	6419	7026	6721	6723
1656	6421	7028	6724	6726
1657	6421	7030	6726	6728
1658	6422	7032	6728	6730
1659	6423	7034	6730	6732
1660	6424	7036	6732	6734
1661	6427	7038	6734	6736
1662	6428	7040	6737	6738
1663	6431	7042	6739	6740
1664	6432	7044	6740	6742
1665	6436	7047	6743	6744
1666	6439	7049	6745	6746
1667	6440	7050	6747	6748
1668	6442	7052	6749	6750
1669	6443	7054	6751	6752
1670	6445	7056	6753	6755
1671	6447	7058	6755	6757
1672	6449	7060	6757	6759
1673	6450	7061	6760	6761
1674	6452	7063	6761	6763
1675	6454	7065	6763	6765
1676	6457	7066	6765	6767
1677	6459	7068	6767	6769
1678	6461	7072	6769	6771
1679	6465	7075	6771	6773
1680	6466	7076	6773	6775
1681	6466	7079	6775	6777
1682	6467	7080	6777	6779
1683	6468	7084	6779	6781
1684	6473	7086	6781	6783
1685	6476	7088	6783	6785
1686	6479	7091	6785	6787
1687	6481	7093	6787	6789
1688	6483	7097	6789	6791
1689	6485	7097	6791	6793
1690	6488	7098	6793	6795
1691	6489	7101	6795	6797
1692	6492	7104	6797	6799
1693	6493	7107	6799	6801
1694	6494	7110	6801	6803
1695	6497	7112	6803	6805
1696	6500	7114	6805	6808
1697	6502	7117	6807	6810
1698	6502	7120	6808	6812
1699	6505	7122	6811	6814
1700	6506	7125	6813	6816
1701	6508	7127	6815	6818
1702	6509	7129	6817	6820
1703	6511	7132	6819	6822
1704	6513	7134	6822	6824
1705	6516	7137	6824	6826
1706	6518	7140	6826	6829
1707	6521	7142	6829	6831
1708	6523	7145	6831	6833
1709	6525	7146	6832	6835
1710	6526	7148	6834	6837
1711	6528	7150	6836	6839
1712	6530	7152	6838	6841
1713	6531	7154	6840	6843
1714	6533	7155	6843	6845
1715	6535	7157	6844	6848
1716	6538	7159	6846	6850
1717	6539	7161	6849	6852
1718	6541	7163	6851	6854
1719	6542	7165	6853	6856
1720	6544	7166	6856	6858
1721	6545	7168	6858	6860
1722	6548	7170	6860	6862
1723	6549	7171	6863	6864
1724	6550	7172	6865	6866
1725	6551	7174	6866	6868
1726	6552	7177	6868	6871
1727	6553	7180	6871	6873
1728	6555	7182	6873	6875
1729	6557	7184	6875	6877
1730	6558	7186	6878	6879
1731	6560	7187	6880	6881
1732	6563	7188	6882	6883
1733	6566	7190	6884	6885
1734	6569	7192	6886	6887
1735	6572	7195	6888	6890
1736	6574	7198	6890	6892
1737	6577	7200	6892	6894
1738	6579	7202	6894	6896
1739	6583	7203	6897	6898
1740	6586	7204	6899	6900
1741	6586	7207	6901	6902
1742	6587	7210	6902	6904
1743	6589	7214	6904	6906
1744	6591	7215	6906	6908
1745	6592	7218	6908	6911
1746	6594	7221	6910	6913
1747	6596	7222	6912	6915
1748	6599	7225	6914	6917
1749	6601	7226	6916	6919
1750	6604	7228	6917	6921
1751	6605	7231	6919	6923
1752	6607	7232	6921	6925
1753	6609	7234	6923	6927
1754	6610	7235	6925	6929
1755	6612	7237	6927	6932
1756	6617	7239	6930	6934
1757	6618	7243	6932	6936
1758	6620	7244	6934	6938
1759	6622	7246	6936	6940
1760	6625	7249	6938	6942
1761	6627	7250	6940	6944
1762	6628	7253	6942	6946
1763	6629	7255	6945	6948
1764	6630	7257	6946	6950
1765	6634	7259	6948	6953
1766	6637	7262	6951	6955
1767	6640	7266	6953	6957
1768	6643	7267	6955	6959
1769	6645	7269	6957	6961
1770	6646	7272	6959	6963
1771	6647	7275	6961	6965
1772	6650	7278	6963	6967
1773	6652	7280	6965	6969
1774	6655	7281	6968	6971
1775	6657	7283	6969	6973
1776	6660	7284	6971	6975
1777	6662	7286	6973	6977
1778	6663	7290	6975	6979
1779	6667	7292	6978	6981
1780	6669	7293	6979	6984
1781	6671	7295	6981	6986
1782	6672	7298	6984	6988
1783	6673	7299	6986	6990
1784	6675	7301	6988	6992
1785	6678	7303	6989	6994
1786	6681	7305	6992	6996
1787	6683	7308	6994	6998
1788	6685	7310	6996	7000
1789	6687	7311	6998	7002
1790	6688	7313	7000	7004
1791	6690	7315	7002	7006
1792	6691	7315	7004	7008
1793	6694	7316	7006	7010
1794	6694	7317	7008	7012
1795	6697	7319	7011	7015
1796	6700	7321	7013	7017
1797	6701	7323	7015	7019
1798	6703	7326	7018	7021
1799	6707	7328	7020	7023
1800	6709	7330	7023	7025
1801	6711	7331	7025	7027
1802	6712	7336	7027	7029
1803	6714	7339	7028	7031
1804	6715	7341	7030	7033
1805	6716	7344	7033	7035
1806	6717	7345	7035	7038
1807	6720	7346	7036	7040
1808	6722	7348	7038	7042
1809	6724	7350	7040	7044
1810	6729	7351	7042	7046
1811	6731	7353	7044	7048
1812	6734	7355	7046	7050
1813	6736	7358	7048	7052
1814	6738	7360	7050	7054
1815	6740	7362	7052	7056
1816	6741	7364	7054	7058
1817	6743	7366	7056	7060
1818	6745	7367	7059	7062
1819	6748	7370	7061	7064
1820	6750	7372	7063	7066
1821	6752	7373	7065	7069
1822	6755	7374	7067	7071
1823	6758	7376	7069	7073
1824	6760	7377	7071	7075
1825	6762	7380	7073	7077
1826	6765	7383	7077	7079
1827	6767	7385	7080	7081
1828	6769	7387	7082	7083
1829	6770	7389	7085	7085
1830	6772	7391	7087	7087
1831	6773	7393	7089	7089
1832	6776	7394	7092	7091
1833	6777	7396	7093	7093
1834	6779	7398	7095	7096
1835	6780	7400	7097	7098
1836	6781	7401	7099	7100
1837	6783	7403	7101	7102
1838	6785	7405	7103	7104
1839	6787	7408	7105	7106
1840	6789	7411	7107	7108
1841	6791	7412	7109	7110
1842	6794	7415	7111	7112
1843	6796	7417	7113	7114
1844	6797	7419	7115	7116
1845	6800	7421	7117	7118
1846	6802	7423	7119	7121
1847	6806	7424	7121	7123
1848	6808	7427	7124	7125
1849	6810	7429	7126	7127
1850	6813	7432	7129	7129
1851	6815	7433	7131	7131
1852	6816	7436	7133	7133
1853	6817	7438	7135	7135
1854	6819	7439	7138	7137
1855	6821	7441	7140	7139
1856	6823	7444	7142	7141
1857	6825	7446	7144	7144
1858	6827	7447	7146	7146
1859	6829	7449	7149	7148
1860	6831	7450	7151	7150
1861	6833	7452	7152	7152
1862	6836	7453	7155	7154
1863	6837	7454	7157	7156
1864	6840	7456	7159	7158
1865	6844	7460	7161	7160
1866	6847	7462	7163	7162
1867	6849	7463	7166	7164
1868	6851	7466	7168	7166
1869	6852	7468	7170	7169
1870	6854	7472	7172	7171
1871	6855	7475	7174	7173
1872	6856	7476	7176	7175
1873	6860	7477	7179	7177
1874	6863	7479	7181	7179
1875	6865	7482	7183	7181
1876	6867	7485	7185	7183
1877	6870	7488	7187	7185
1878	6871	7489	7188	7187
1879	6872	7491	7190	7189
1880	6873	7493	7192	7191
1881	6875	7495	7195	7193
1882	6877	7498	7197	7195
1883	6879	7500	7199	7197
1884	6881	7502	7202	7199
1885	6882	7505	7204	7201
1886	6885	7507	7206	7203
1887	6886	7509	7208	7205
1888	6890	7513	7211	7208
1889	6892	7514	7213	7210
1890	6894	7516	7215	7212
1891	6897	7518	7217	7214
1892	6899	7520	7219	7216
1893	6899	7522	7221	7218
1894	6900	7522	7223	7220
1895	6902	7524	7224	7222
1896	6904	7525	7226	7224
1897	6907	7526	7228	7226
1898	6907	7527	7231	7228
1899	6910	7531	7232	7230
1900	6911	7533	7234	7233
1901	6914	7535	7236	7235
1902	6916	7538	7238	7237
1903	6918	7541	7240	7239
1904	6919	7544	7243	7241
1905	6923	7546	7245	7243
1906	6925	7547	7247	7245
1907	6927	7548	7250	7247
1908	6930	7552	7253	7249
1909	6932	7556	7255	7251
1910	6935	7558	7257	7253
1911	6938	7561	7259	7255
1912	6941	7562	7261	7257
1913	6943	7562	7263	7259
1914	6944	7566	7264	7261
1915	6946	7567	7267	7264
1916	6950	7569	7269	7266
1917	6951	7570	7270	7268
1918	6955	7572	7272	7270
1919	6958	7575	7274	7272
1920	6958	7576	7277	7274
1921	6961	7578	7278	7276
1922	6962	7581	7280	7278
1923	6965	7583	7282	7280
1924	6966	7585	7285	7282
1925	6968	7587	7287	7284
1926	6971	7588	7289	7286
1927	6974	7589	7291	7288
1928	6975	7593	7292	7290
1929	6977	7594	7294	7292
1930	6979	7595	7296	7295
1931	6982	7597	7298	7297
1932	6984	7599	7301	7299
1933	6988	7602	7303	7301
1934	6990	7602	7305	7303
1935	6992	7605	7307	7305
1936	6993	7607	7310	7307
1937	6994	7609	7311	7309
1938	6996	7610	7313	7311
1939	6999	7613	7316	7313
1940	7001	7616	7318	7315
1941	7003	7618	7320	7317
1942	7005	7620	7322	7320
1943	7007	7622	7323	7322
1944	7008	7624	7325	7324
1945	7010	7626	7327	7326
1946	7011	7628	7329	7328
1947	7013	7628	7331	7330
1948	7014	7629	7333	7332
1949	7017	7631	7335	7334
1950	7019	7633	7337	7336
1951	7021	7635	7339	7338
1952	7022	7637	7340	7340
1953	7024	7640	7342	7342
1954	7026	7643	7344	7344
1955	7033	7645	7346	7346
1956	7034	7648	7349	7348
1957	7035	7651	7352	7350
1958	7036	7654	7354	7352
1959	7037	7657	7356	7354
1960	7038	7659	7359	7356
1961	7040	7660	7361	7358
1962	7042	7661	7363	7360
1963	7046	7663	7365	7362
1964	7048	7665	7367	7365
1965	7052	7666	7369	7367
1966	7053	7669	7371	7369
1967	7056	7673	7372	7371
1968	7058	7674	7375	7373
1969	7061	7676	7376	7375
1970	7065	7679	7378	7377
1971	7066	7680	7381	7379
1972	7070	7682	7383	7381
1973	7071	7687	7386	7383
1974	7075	7690	7388	7385
1975	7077	7691	7391	7388
1976	7077	7692	7393	7390
1977	7079	7694	7395	7392
1978	7082	7697	7397	7394
1979	7084	7698	7400	7396
1980	7087	7701	7401	7398
1981	7088	7702	7403	7400
1982	7089	7704	7406	7402
1983	7092	7706	7407	7405
1984	7094	7708	7410	7407
1985	7096	7711	7412	7409
1986	7098	7715	7413	7411
1987	7101	7718	7416	7413
1988	7104	7720	7418	7415
1989	7106	7721	7420	7417
1990	7107	7724	7423	7419
1991	7109	7727	7424	7421
1992	7111	7729	7426	7423
1993	7112	7732	7429	7426
1994	7114	7734	7432	7428
1995	7115	7736	7434	7430
1996	7117	7738	7436	7432
1997	7119	7740	7438	7434
1998	7121	7742	7440	7436
1999	7124	7743	7442	7438
2000	7126	7745	7444	7441
2001	7128	7748	7447	7443
2002	7131	7751	7449	7445
2003	7132	7753	7451	7447
2004	7132	7754	7453	7449
2005	7136	7756	7455	7451
2006	7139	7759	7457	7453
2007	7141	7760	7459	7455
2008	7143	7762	7461	7457
2009	7144	7765	7463	7459
2010	7146	7770	7464	7461
2011	7150	7770	7466	7463
2012	7153	7774	7469	7466
2013	7155	7775	7471	7468
2014	7156	7777	7473	7470
2015	7159	7778	7475	7472
2016	7161	7781	7478	7474
2017	7163	7783	7480	7476
2018	7166	7786	7482	7478
2019	7168	7788	7483	7480
2020	7169	7790	7485	7482
2021	7170	7792	7487	7485
2022	7172	7794	7489	7487
2023	7176	7795	7491	7489
2024	7179	7798	7494	7491
2025	7180	7799	7496	7493
2026	7182	7802	7498	7495
2027	7183	7805	7500	7497
2028	7184	7806	7502	7499
2029	7186	7807	7504	7501
2030	7187	7809	7506	7503
2031	7189	7810	7507	7505
2032	7190	7812	7510	7507
2033	7191	7816	7512	7509
2034	7193	7820	7514	7512
2035	7194	7821	7516	7514
2036	7196	7824	7518	7516
2037	7198	7825	7520	7518
2038	7200	7827	7522	7520
2039	7202	7829	7525	7522
2040	7204	7831	7527	7524
2041	7207	7833	7529	7526
2042	7208	7836	7531	7528
2043	7210	7838	7533	7530
2044	7213	7841	7535	7533
2045	7215	7844	7537	7535
2046	7217	7846	7539	7537
2047	7219	7848	7541	7539
2048	7221	7848	7543	7541
2049	7222	7849	7545	7543
2050	7224	7851	7547	7545
2051	7226	7853	7549	7547
2052	7230	7855	7551	7549
2053	7230	7857	7552	7551
2054	7232	7859	7554	7553
2055	7234	7862	7556	7555
2056	7235	7863	7558	7557
2057	7237	7865	7560	7559
2058	7238	7867	7563	7561
2059	7239	7869	7565	7563
2060	7240	7871	7567	7565
2061	7243	7873	7569	7567
2062	7247	7874	7571	7569
2063	7250	7877	7573	7571
2064	7252	7879	7575	7574
2065	7255	7881	7577	7576
2066	7258	7884	7579	7578
2067	7260	7890	7581	7580
2068	7263	7894	7583	7582
2069	7266	7897	7585	7584
2070	7268	7902	7587	7586
2071	7269	7902	7589	7588
2072	7271	7904	7592	7590
2073	7272	7906	7594	7592
2074	7272	7908	7596	7594
2075	7273	7909	7599	7597
2076	7276	7910	7601	7599
2077	7277	7910	7602	7601
2078	7278	7912	7604	7603
2079	7281	7913	7606	7605
2080	7284	7915	7608	7607
2081	7287	7918	7611	7609
2082	7289	7919	7613	7611
2083	7291	7921	7615	7613
2084	7292	7922	7617	7615
2085	7295	7922	7619	7618
2086	7297	7925	7621	7620
2087	7298	7927	7623	7622
2088	7300	7929	7625	7624
2089	7302	7932	7627	7626
2090	7304	7934	7629	7628
2091	7306	7935	7631	7630
2092	7310	7938	7633	7632
2093	7311	7942	7635	7634
2094	7314	7943	7637	7636
2095	7316	7946	7640	7638
2096	7319	7951	7642	7640
2097	7321	7953	7644	7642
2098	7323	7956	7647	7645
2099	7324	7958	7649	7647
2100	7326	7961	7651	7649
2101	7327	7965	7653	7651
2102	7328	7966	7655	7653
2103	7330	7968	7658	7655
2104	7332	7971	7659	7657
2105	7333	7974	7661	7659
2106	7335	7976	7663	7661
2107	7337	7977	7665	7663
2108	7341	7979	7667	7665
2109	7342	7982	7669	7667
2110	7344	7984	7671	7669
2111	7345	7986	7673	7671
2112	7346	7989	7675	7673
2113	7348	7990	7677	7675
2114	7349	7992	7679	7677
2115	7351	7993	7681	7680
2116	7353	7997	7683	7682
2117	7355	7999	7685	7684
2118	7356	8000	7687	7686
2119	7358	8001	7689	7688
2120	7360	8003	7691	7690
2121	7361	8005	7693	7692
2122	7364	8006	7695	7694
2123	7368	8008	7697	7696
2124	7369	8009	7699	7698
2125	7371	8011	7701	7700
2126	7374	8012	7703	7702
2127	7376	8013	7705	7704
2128	7377	8015	7707	7706
2129	7378	8017	7709	7709
2130	7380	8020	7710	7711
