depth	min	max	median	mean
155	17458	22529	20441	20290
156	17488	22545	20467	20313
157	17562	22556	20489	20337
158	17574	22582	20513	20360
159	17611	22592	20539	20383
160	17631	22617	20566	20407
161	17677	22637	20589	20430
162	17725	22654	20610	20454
163	17771	22666	20636	20477
164	17818	22688	20657	20500
165	17825	22707	20679	20524
166	17856	22723	20698	20548
167	17878	22738	20723	20571
168	17904	22756	20747	20595
169	17959	22771	20769	20619
170	17976	22790	20798	20643
171	17987	22811	20824	20666
172	18005	22842	20847	20690
173	18018	22859	20866	20714
174	18032	22898	20890	20738
175	18039	22921	20916	20761
176	18065	22950	20937	20785
177	18083	22961	20961	20808
178	18101	22973	20990	20831
179	18120	22995	21015	20854
180	18143	23019	21037	20878
181	18157	23037	21057	20901
182	18174	23069	21078	20924
183	18193	23091	21099	20948
184	18211	23109	21124	20971
185	18220	23131	21149	20994
186	18264	23147	21167	21016
187	18314	23150	21192	21039
188	18357	23161	21218	21061
189	18388	23180	21232	21084
190	18441	23197	21255	21106
191	18497	23209	21281	21129
192	18533	23232	21301	21151
193	18564	23259	21321	21174
194	18585	23272	21344	21196
195	18610	23282	21369	21219
196	18630	23301	21391	21242
197	18674	23313	21413	21265
198	18702	23325	21434	21289
199	18725	23339	21455	21312
200	18761	23355	21478	21336
201	18775	23373	21501	21359
202	18794	23386	21522	21383
203	18826	23401	21544	21406
204	18841	23418	21565	21429
205	18874	23435	21586	21453
206	18902	23453	21611	21477
207	18942	23477	21640	21500
208	18979	23491	21662	21524
209	19010	23512	21688	21548
210	19024	23529	21709	21572
211	19036	23537	21733	21596
212	19055	23560	21755	21619
213	19103	23579	21771	21643
214	19117	23592	21795	21667
215	19126	23604	21817	21691
216	19161	23622	21839	21714
217	19189	23642	21862	21737
218	19205	23659	21890	21761
219	19220	23687	21913	21784
220	19250	23718	21926	21807
221	19278	23753	21950	21830
222	19316	23777	21974	21854
223	19349	23806	22001	21877
224	19382	23820	22021	21900
225	19400	23831	22048	21923
226	19435	23852	22069	21947
227	19474	23867	22089	21970
228	19509	23893	22109	21993
229	19534	23923	22133	22016
230	19556	23945	22154	22040
231	19593	23951	22184	22063
232	19605	23974	22210	22086
233	19653	24003	22233	22110
234	19703	24013	22253	22133
235	19722	24026	22280	22156
236	19757	24036	22307	22180
237	19806	24053	22328	22203
238	19844	24069	22349	22226
239	19878	24078	22374	22249
240	19907	24095	22396	22273
241	19939	24110	22415	22296
242	19971	24127	22437	22319
243	20002	24151	22460	22342
244	20031	24168	22480	22366
245	20057	24187	22504	22389
246	20096	24202	22528	22412
247	20116	24218	22553	22435
248	20140	24235	22576	22459
249	20172	24244	22604	22482
250	20201	24262	22623	22505
251	20260	24287	22649	22528
252	20301	24309	22675	22552
253	20321	24322	22699	22575
254	20341	24342	22726	22598
255	20361	24358	22750	22621
256	20439	24372	22775	22645
257	20464	24393	22795	22668
258	20499	24408	22821	22692
259	20526	24429	22838	22715
260	20565	24455	22865	22739
261	20608	24474	22888	22762
262	20624	24483	22911	22786
263	20639	24511	22938	22809
264	20653	24531	22958	22833
265	20698	24555	22982	22856
266	20748	24570	23007	22880
267	20786	24578	23032	22903
268	20809	24589	23055	22927
269	20843	24602	23081	22950
270	20867	24631	23104	22974
271	20882	24647	23130	22998
272	20924	24665	23153	23021
273	20970	24687	23172	23045
274	20997	24710	23197	23068
275	21060	24729	23219	23092
276	21084	24754	23241	23116
277	21107	24771	23261	23140
278	21142	24780	23286	23164
279	21185	24798	23306	23187
280	21223	24821	23326	23211
281	21256	24834	23347	23235
282	21276	24864	23369	23259
283	21314	24873	23393	23283
284	21346	24888	23417	23307
285	21359	24906	23442	23331
286	21393	24924	23461	23354
287	21442	24939	23484	23377
288	21472	24960	23514	23400
289	21516	24970	23534	23423
290	21550	24988	23560	23446
291	21571	25012	23585	23469
292	21592	25034	23607	23492
293	21608	25056	23631	23515
294	21615	25078	23652	23538
295	21669	25107	23678	23561
296	21685	25115	23697	23584
297	21701	25130	23718	23608
298	21737	25156	23739	23631
299	21788	25177	23761	23655
300	21832	25194	23783	23678
301	21860	25209	23807	23702
302	21893	25228	23832	23725
303	21912	25246	23853	23749
304	21937	25271	23876	23772
305	21956	25287	23902	23796
306	21997	25304	23922	23819
307	22031	25323	23948	23842
308	22056	25336	23972	23865
309	22088	25360	23990	23888
310	22113	25379	24010	23912
311	22139	25396	24030	23935
312	22153	25414	24054	23958
313	22174	25425	24075	23981
314	22209	25431	24097	24004
315	22233	25449	24122	24028
316	22272	25477	24147	24051
317	22313	25501	24169	24074
318	22352	25527	24193	24097
319	22386	25550	24216	24120
320	22413	25574	24240	24144
321	22454	25589	24266	24167
322	22485	25606	24289	24190
323	22509	25619	24312	24213
324	22542	25630	24339	24236
325	22562	25652	24362	24259
326	22598	25664	24384	24283
327	22638	25675	24411	24307
328	22684	25697	24432	24331
329	22718	25710	24457	24355
330	22755	25718	24480	24379
331	22784	25729	24502	24402
332	22812	25741	24522	24426
333	22851	25756	24543	24450
334	22885	25788	24567	24474
335	22905	25809	24591	24498
336	22944	25819	24611	24521
337	22979	25825	24637	24545
338	23011	25844	24665	24569
339	23039	25854	24688	24592
340	23058	25877	24713	24616
341	23096	25897	24740	24639
342	23127	25912	24765	24663
343	23163	25926	24785	24687
344	23177	25942	24812	24710
345	23192	25965	24834	24734
346	23234	25983	24855	24757
347	23266	25999	24878	24780
348	23313	26014	24903	24804
349	23347	26029	24922	24827
350	23366	26051	24947	24850
351	23376	26072	24970	24873
352	23394	26093	24989	24897
353	23423	26115	25015	24920
354	23443	26135	25038	24943
355	23471	26156	25058	24966
356	23514	26169	25082	24990
357	23558	26178	25107	25013
358	23603	26197	25129	25036
359	23639	26213	25154	25060
360	23673	26231	25177	25083
361	23709	26244	25196	25106
362	23740	26260	25220	25130
363	23772	26274	25242	25153
364	23790	26285	25263	25176
365	23813	26308	25286	25200
366	23843	26320	25307	25224
367	23874	26339	25327	25248
368	23912	26357	25350	25272
369	23931	26378	25374	25296
370	23956	26397	25395	25320
371	23984	26426	25417	25344
372	24025	26450	25440	25368
373	24046	26459	25468	25392
374	24078	26477	25494	25416
375	24099	26510	25515	25440
376	24116	26535	25534	25462
377	24143	26555	25560	25483
378	24170	26571	25581	25504
379	24195	26588	25601	25526
380	24226	26623	25621	25547
381	24246	26652	25638	25568
382	24277	26681	25659	25590
383	24298	26700	25681	25611
384	24327	26723	25698	25632
385	24339	26752	25721	25654
386	24368	26761	25741	25675
387	24392	26772	25765	25697
388	24431	26792	25787	25718
389	24444	26826	25811	25740
390	24453	26852	25831	25762
391	24471	26867	25852	25783
392	24488	26896	25874	25805
393	24505	26916	25894	25826
394	24523	26961	25913	25848
395	24539	26992	25934	25869
396	24562	27017	25956	25891
397	24582	27041	25977	25913
398	24609	27060	26000	25935
399	24620	27083	26023	25956
400	24643	27107	26040	25978
401	24665	27131	26062	26000
402	24684	27160	26084	26022
403	24707	27189	26108	26043
404	24733	27219	26128	26065
405	24751	27252	26149	26087
406	24774	27271	26169	26108
407	24796	27298	26191	26129
408	24812	27310	26216	26150
409	24826	27327	26236	26171
410	24844	27357	26258	26192
411	24867	27382	26278	26213
412	24891	27404	26303	26234
413	24906	27416	26322	26255
414	24925	27437	26342	26276
415	24953	27467	26364	26297
416	24978	27487	26385	26319
417	25005	27502	26405	26340
418	25040	27531	26422	26361
419	25057	27563	26441	26382
420	25083	27584	26461	26404
421	25105	27605	26481	26425
422	25128	27623	26498	26446
423	25155	27651	26518	26468
424	25187	27683	26539	26489
425	25210	27711	26557	26510
426	25234	27733	26577	26532
427	25250	27745	26597	26554
428	25273	27760	26619	26575
429	25290	27776	26640	26597
430	25311	27793	26663	26618
431	25326	27805	26688	26640
432	25344	27823	26708	26662
433	25354	27836	26733	26683
434	25379	27861	26750	26705
435	25395	27885	26773	26727
436	25426	27910	26797	26748
437	25447	27931	26815	26769
438	25481	27948	26839	26790
439	25510	27978	26857	26812
440	25526	28002	26879	26833
441	25545	28016	26901	26854
442	25569	28031	26923	26875
443	25591	28058	26944	26896
444	25613	28083	26962	26918
445	25630	28109	26984	26939
446	25665	28121	27007	26960
447	25689	28139	27028	26981
448	25704	28153	27049	27002
449	25725	28182	27070	27023
450	25747	28203	27090	27044
451	25768	28223	27109	27065
452	25785	28235	27130	27087
453	25808	28260	27152	27108
454	25818	28278	27171	27129
455	25843	28309	27196	27150
456	25871	28324	27212	27171
457	25894	28341	27233	27192
458	25904	28361	27256	27213
459	25943	28384	27277	27234
460	25980	28402	27296	27255
461	26001	28422	27315	27276
462	26018	28442	27334	27297
463	26033	28465	27352	27318
464	26047	28491	27372	27339
465	26063	28513	27392	27360
466	26086	28536	27414	27382
467	26112	28548	27435	27404
468	26134	28572	27456	27426
469	26164	28603	27478	27448
470	26186	28616	27501	27469
471	26214	28652	27527	27491
472	26228	28676	27546	27513
473	26269	28689	27572	27535
474	26300	28711	27592	27557
475	26316	28748	27612	27578
476	26337	28763	27633	27601
477	26358	28779	27658	27623
478	26394	28802	27681	27645
479	26427	28829	27700	27667
480	26437	28844	27725	27689
481	26463	28853	27747	27711
482	26492	28867	27766	27734
483	26513	28900	27791	27756
484	26536	28944	27815	27778
485	26546	28954	27836	27800
486	26583	28971	27854	27821
487	26620	28981	27872	27842
488	26642	28992	27893	27862
489	26663	29009	27912	27883
490	26690	29023	27938	27904
491	26717	29041	27962	27924
492	26743	29059	27981	27945
493	26763	29082	27997	27966
494	26799	29103	28016	27986
495	26813	29135	28037	28007
496	26837	29150	28060	28028
497	26857	29173	28079	28049
498	26883	29193	28100	28071
499	26910	29212	28123	28092
500	26932	29230	28143	28113
501	26950	29262	28161	28134
502	26962	29285	28185	28155
503	26985	29308	28206	28177
504	27008	29332	28230	28198
505	27025	29357	28250	28219
506	27044	29372	28268	28240
507	27085	29389	28289	28261
508	27095	29409	28313	28282
509	27116	29426	28338	28304
510	27144	29435	28358	28325
511	27163	29462	28377	28346
512	27186	29478	28400	28367
513	27218	29499	28424	28388
514	27242	29538	28448	28410
515	27255	29568	28471	28431
516	27275	29574	28490	28453
517	27308	29593	28509	28475
518	27332	29613	28530	28497
519	27347	29637	28556	28518
520	27369	29655	28581	28540
521	27392	29673	28598	28562
522	27407	29690	28622	28584
523	27430	29705	28642	28606
524	27449	29721	28659	28628
525	27464	29737	28683	28650
526	27499	29750	28707	28673
527	27539	29766	28726	28695
528	27570	29787	28748	28717
529	27592	29807	28771	28740
530	27627	29820	28793	28762
531	27644	29842	28816	28785
532	27676	29870	28835	28807
533	27693	29890	28854	28830
534	27717	29911	28879	28852
535	27739	29944	28904	28875
536	27772	29955	28921	28895
537	27799	29977	28943	28916
538	27820	30000	28963	28937
539	27837	30013	28983	28957
540	27861	30033	29004	28978
541	27881	30051	29023	28999
542	27893	30070	29045	29020
543	27919	30099	29068	29040
544	27931	30127	29086	29061
545	27948	30153	29108	29082
546	27982	30174	29126	29103
547	28013	30191	29146	29125
548	28060	30204	29166	29146
549	28076	30215	29190	29168
550	28091	30231	29213	29189
551	28120	30255	29233	29211
552	28153	30274	29254	29232
553	28184	30300	29275	29254
554	28211	30332	29298	29275
555	28234	30357	29318	29297
556	28269	30378	29340	29318
557	28290	30409	29364	29339
558	28305	30420	29385	29360
559	28342	30433	29405	29381
560	28362	30457	29423	29402
561	28382	30486	29443	29423
562	28403	30500	29466	29444
563	28424	30534	29487	29465
564	28441	30559	29511	29486
565	28450	30583	29530	29507
566	28481	30598	29552	29529
567	28526	30613	29573	29551
568	28576	30629	29595	29573
569	28594	30655	29617	29595
570	28626	30673	29640	29616
571	28656	30694	29661	29638
572	28668	30705	29681	29660
573	28701	30731	29704	29682
574	28713	30762	29727	29704
575	28740	30794	29747	29725
576	28754	30815	29767	29746
577	28770	30829	29787	29767
578	28787	30848	29809	29789
579	28797	30867	29831	29810
580	28820	30888	29852	29831
581	28840	30901	29873	29852
582	28857	30916	29896	29873
583	28870	30935	29916	29894
584	28893	30964	29936	29915
585	28913	31016	29955	29936
586	28926	31036	29975	29957
587	28945	31052	29997	29978
588	28956	31067	30017	29999
589	28975	31100	30038	30020
590	28995	31122	30056	30041
591	29014	31143	30077	30063
592	29027	31183	30099	30084
593	29045	31226	30117	30105
594	29063	31241	30138	30126
595	29070	31277	30155	30147
596	29096	31295	30174	30168
597	29111	31317	30196	30189
598	29127	31335	30217	30210
599	29158	31378	30239	30231
600	29189	31399	30261	30253
601	29207	31420	30275	30274
602	29224	31450	30294	30295
603	29247	31479	30314	30316
604	29265	31512	30335	30337
605	29288	31535	30355	30358
606	29309	31553	30375	30379
607	29325	31573	30395	30400
608	29337	31602	30420	30422
609	29353	31625	30439	30443
610	29368	31647	30461	30464
611	29396	31672	30480	30485
612	29408	31713	30500	30506
613	29419	31747	30521	30527
614	29430	31774	30544	30548
615	29443	31808	30566	30569
616	29467	31824	30587	30590
617	29488	31843	30608	30611
618	29502	31865	30629	30632
619	29523	31890	30652	30653
620	29545	31915	30671	30674
621	29561	31942	30691	30695
622	29573	31973	30717	30717
623	29586	31999	30737	30738
624	29601	32031	30758	30759
625	29613	32059	30781	30780
626	29640	32085	30802	30801
627	29673	32115	30819	30823
628	29689	32136	30841	30844
629	29698	32153	30862	30866
630	29717	32186	30881	30887
631	29739	32209	30906	30908
632	29753	32244	30924	30930
633	29770	32273	30943	30951
634	29787	32316	30964	30973
635	29797	32353	30986	30994
636	29813	32364	31008	31015
637	29825	32382	31030	31036
638	29840	32405	31049	31057
639	29863	32420	31072	31077
640	29881	32439	31097	31098
641	29890	32456	31120	31119
642	29895	32488	31139	31140
643	29908	32516	31160	31161
644	29922	32532	31177	31181
645	29936	32569	31199	31202
646	29959	32591	31221	31223
647	29983	32604	31243	31244
648	29999	32616	31263	31264
649	30009	32650	31282	31285
650	30028	32680	31307	31305
651	30041	32717	31328	31326
652	30055	32754	31350	31347
653	30070	32774	31371	31367
654	30083	32797	31393	31388
655	30098	32835	31411	31409
656	30113	32856	31431	31429
657	30132	32877	31452	31450
658	30158	32898	31470	31470
659	30186	32919	31493	31491
660	30195	32956	31512	31511
661	30221	32982	31532	31532
662	30244	33007	31551	31552
663	30258	33029	31568	31573
664	30265	33045	31589	31593
665	30271	33080	31610	31614
666	30293	33096	31631	31635
667	30304	33124	31655	31656
668	30333	33165	31676	31677
669	30358	33182	31695	31698
670	30386	33207	31716	31719
671	30401	33234	31737	31740
672	30418	33251	31758	31761
673	30431	33274	31776	31783
674	30446	33311	31796	31804
675	30459	33339	31820	31825
676	30482	33356	31846	31846
677	30494	33387	31868	31868
678	30507	33413	31894	31889
679	30517	33427	31915	31911
680	30542	33447	31937	31933
681	30568	33478	31955	31954
682	30583	33498	31976	31976
683	30599	33537	31993	31997
684	30613	33574	32012	32019
685	30627	33606	32033	32040
686	30647	33618	32058	32061
687	30668	33633	32081	32081
688	30680	33662	32101	32102
689	30700	33682	32122	32122
690	30723	33710	32138	32143
691	30741	33745	32161	32164
692	30758	33769	32180	32184
693	30775	33801	32200	32205
694	30793	33820	32221	32225
695	30809	33846	32241	32246
696	30827	33865	32264	32267
697	30858	33888	32287	32288
698	30884	33907	32308	32309
699	30901	33932	32327	32330
700	30921	33956	32345	32351
701	30932	33989	32362	32372
702	30949	34001	32382	32393
703	30970	34018	32403	32414
704	30985	34043	32423	32435
705	30994	34064	32447	32456
706	31017	34084	32468	32477
707	31034	34107	32483	32497
708	31051	34136	32504	32518
709	31072	34158	32522	32538
710	31086	34193	32540	32559
711	31100	34214	32566	32579
712	31112	34238	32584	32600
713	31119	34269	32606	32621
714	31126	34296	32626	32641
715	31139	34330	32649	32662
716	31175	34341	32668	32682
717	31196	34368	32690	32703
718	31227	34398	32711	32724
719	31252	34435	32730	32745
720	31261	34455	32751	32765
721	31273	34485	32774	32786
722	31278	34503	32797	32807
723	31314	34537	32817	32828
724	31324	34554	32836	32848
725	31351	34571	32854	32869
726	31358	34590	32875	32890
727	31363	34613	32895	32911
728	31387	34634	32919	32931
729	31403	34654	32944	32952
730	31414	34672	32964	32973
731	31425	34694	32986	32994
732	31444	34716	33008	33015
733	31461	34743	33028	33035
734	31472	34768	33046	33056
735	31487	34777	33067	33077
736	31521	34807	33087	33098
737	31539	34847	33109	33119
738	31562	34885	33127	33140
739	31587	34904	33145	33161
740	31608	34930	33165	33182
741	31630	34969	33188	33203
742	31653	34993	33209	33224
743	31666	35025	33228	33245
744	31682	35058	33252	33266
745	31703	35080	33271	33287
746	31719	35109	33292	33308
747	31732	35127	33312	33329
748	31750	35145	33333	33350
749	31758	35172	33357	33371
750	31770	35192	33378	33392
751	31778	35209	33398	33413
752	31810	35232	33418	33434
753	31822	35262	33441	33454
754	31834	35299	33464	33475
755	31850	35326	33488	33496
756	31872	35349	33511	33517
757	31900	35369	33530	33538
758	31913	35391	33551	33559
759	31934	35405	33571	33580
760	31962	35420	33592	33601
761	31978	35450	33611	33622
762	31988	35475	33631	33643
763	32001	35497	33650	33664
764	32013	35523	33673	33685
765	32039	35560	33693	33706
766	32059	35583	33717	33727
767	32069	35595	33740	33747
768	32077	35617	33758	33768
769	32089	35643	33779	33789
770	32115	35668	33798	33810
771	32133	35689	33812	33831
772	32159	35724	33832	33852
773	32171	35765	33859	33873
774	32178	35795	33881	33894
775	32190	35819	33900	33915
776	32214	35850	33925	33935
777	32239	35865	33945	33956
778	32264	35873	33964	33977
779	32279	35905	33985	33998
780	32303	35935	34001	34019
781	32332	35959	34020	34040
782	32342	35973	34043	34061
783	32361	36012	34062	34082
784	32380	36034	34081	34103
785	32390	36062	34099	34124
786	32420	36080	34124	34144
787	32438	36101	34140	34165
788	32459	36123	34163	34186
789	32475	36158	34188	34207
790	32494	36170	34211	34228
791	32513	36197	34233	34249
792	32533	36214	34253	34270
793	32543	36228	34274	34291
794	32555	36240	34297	34312
795	32575	36266	34319	34332
796	32597	36297	34344	34354
797	32617	36334	34370	34375
798	32626	36362	34389	34396
799	32647	36384	34407	34417
800	32671	36402	34427	34438
801	32687	36428	34448	34459
802	32710	36469	34468	34480
803	32730	36511	34485	34501
804	32740	36531	34506	34522
805	32763	36551	34530	34543
806	32785	36572	34548	34565
807	32808	36588	34569	34587
808	32818	36593	34592	34609
809	32832	36621	34613	34630
810	32850	36632	34633	34652
811	32869	36656	34651	34674
812	32881	36686	34675	34695
813	32900	36708	34703	34717
814	32911	36745	34724	34739
815	32924	36767	34751	34760
816	32945	36786	34762	34781
817	32971	36812	34780	34802
818	32996	36825	34806	34823
819	33023	36847	34827	34844
820	33055	36878	34847	34865
821	33094	36894	34868	34886
822	33118	36932	34890	34907
823	33137	36966	34910	34927
824	33153	36985	34929	34948
825	33159	37014	34951	34969
826	33185	37033	34971	34990
827	33206	37054	34991	35010
828	33231	37075	35009	35030
829	33239	37100	35033	35050
830	33260	37121	35054	35071
831	33279	37137	35073	35091
832	33297	37150	35092	35111
833	33324	37171	35107	35132
834	33334	37185	35124	35152
835	33341	37207	35147	35172
836	33369	37230	35170	35194
837	33396	37265	35190	35215
838	33417	37290	35210	35236
839	33433	37307	35230	35257
840	33453	37332	35251	35278
841	33467	37354	35273	35299
842	33480	37394	35292	35320
843	33509	37429	35315	35341
844	33521	37448	35334	35362
845	33532	37473	35355	35383
846	33540	37482	35372	35404
847	33561	37493	35394	35426
848	33591	37532	35418	35447
849	33604	37554	35440	35468
850	33623	37582	35459	35489
851	33634	37600	35483	35510
852	33648	37625	35502	35532
853	33658	37647	35523	35553
854	33675	37685	35542	35574
855	33683	37712	35562	35595
856	33702	37734	35582	35616
857	33722	37747	35606	35636
858	33740	37771	35624	35657
859	33757	37812	35646	35678
860	33772	37846	35666	35698
861	33790	37872	35685	35719
862	33807	37894	35711	35739
863	33817	37912	35733	35760
864	33829	37943	35755	35781
865	33848	37967	35778	35801
866	33862	37989	35800	35822
867	33876	38023	35821	35843
868	33897	38041	35841	35863
869	33937	38052	35862	35884
870	33956	38073	35881	35905
871	33971	38097	35901	35925
872	33993	38112	35918	35946
873	34011	38132	35937	35967
874	34027	38168	35957	35987
875	34050	38193	35978	36008
876	34066	38221	35998	36029
877	34084	38234	36020	36050
878	34115	38261	36044	36071
879	34132	38279	36063	36092
880	34146	38306	36088	36113
881	34160	38311	36107	36134
882	34179	38330	36127	36156
883	34196	38357	36153	36177
884	34209	38383	36176	36198
885	34230	38407	36191	36219
886	34241	38426	36207	36239
887	34264	38442	36232	36260
888	34290	38466	36253	36281
889	34313	38504	36275	36301
890	34333	38536	36295	36322
891	34370	38561	36320	36343
892	34398	38590	36336	36364
893	34404	38616	36355	36384
894	34427	38643	36381	36405
895	34441	38672	36406	36426
896	34465	38705	36429	36447
897	34477	38720	36445	36468
898	34489	38745	36465	36490
899	34513	38766	36489	36511
900	34538	38789	36514	36533
901	34554	38819	36538	36554
902	34586	38846	36559	36576
903	34606	38884	36582	36597
904	34623	38910	36601	36618
905	34644	38952	36620	36640
906	34673	38972	36643	36661
907	34706	38996	36660	36682
908	34725	39019	36685	36704
909	34740	39027	36705	36725
910	34757	39036	36723	36746
911	34767	39056	36745	36767
912	34771	39070	36770	36789
913	34788	39092	36789	36810
914	34794	39120	36809	36831
915	34795	39134	36831	36852
916	34826	39158	36859	36873
917	34842	39192	36881	36894
918	34867	39215	36895	36915
919	34882	39229	36917	36936
920	34904	39244	36938	36957
921	34917	39275	36956	36978
922	34937	39307	36979	36999
923	34946	39335	36997	37020
924	34957	39365	37020	37041
925	34977	39397	37041	37062
926	34997	39414	37065	37083
927	35009	39443	37085	37104
928	35034	39455	37105	37125
929	35060	39469	37128	37146
930	35086	39480	37152	37166
931	35131	39502	37171	37187
932	35148	39536	37191	37208
933	35164	39571	37215	37229
934	35167	39583	37238	37250
935	35182	39595	37263	37271
936	35202	39635	37280	37291
937	35219	39670	37300	37312
938	35232	39690	37318	37333
939	35253	39703	37338	37353
940	35258	39724	37357	37374
941	35293	39744	37375	37394
942	35311	39765	37397	37415
943	35327	39786	37413	37436
944	35357	39807	37439	37456
945	35375	39827	37457	37477
946	35409	39846	37481	37498
947	35416	39864	37501	37519
948	35442	39882	37520	37540
949	35450	39913	37544	37561
950	35462	39942	37564	37582
951	35473	39966	37587	37603
952	35485	39995	37611	37624
953	35500	40013	37630	37645
954	35508	40060	37649	37666
955	35518	40096	37671	37687
956	35549	40137	37693	37708
957	35573	40163	37710	37729
958	35590	40178	37732	37750
959	35607	40205	37751	37770
960	35634	40230	37773	37791
961	35657	40260	37795	37812
962	35681	40290	37816	37833
963	35700	40316	37839	37853
964	35707	40334	37863	37874
965	35725	40367	37884	37895
966	35747	40385	37902	37916
967	35773	40401	37918	37937
968	35782	40425	37941	37958
969	35796	40443	37959	37979
970	35804	40454	37979	38000
971	35835	40469	37997	38021
972	35846	40499	38018	38042
973	35863	40526	38039	38063
974	35884	40546	38067	38084
975	35888	40560	38089	38105
976	35920	40581	38105	38126
977	35947	40608	38129	38147
978	35954	40638	38154	38168
979	35987	40657	38177	38190
980	35988	40667	38198	38211
981	36000	40716	38216	38232
982	36018	40748	38244	38253
983	36036	40764	38263	38275
984	36047	40781	38284	38296
985	36058	40798	38308	38317
986	36081	40826	38329	38338
987	36095	40853	38345	38359
988	36106	40879	38362	38380
989	36127	40902	38379	38401
990	36149	40929	38397	38421
991	36171	40963	38417	38442
992	36196	40985	38440	38463
993	36213	41004	38462	38484
994	36223	41022	38484	38505
995	36247	41054	38505	38526
996	36278	41069	38527	38547
997	36294	41087	38548	38568
998	36298	41095	38573	38590
999	36334	41106	38591	38611
1000	36347	41122	38609	38632
1001	36380	41136	38633	38653
1002	36408	41158	38655	38674
1003	36420	41178	38681	38696
1004	36432	41188	38703	38717
1005	36436	41214	38725	38738
1006	36459	41231	38743	38759
1007	36479	41258	38762	38780
1008	36498	41286	38784	38801
1009	36513	41314	38799	38823
1010	36538	41335	38817	38844
1011	36551	41353	38840	38865
1012	36571	41375	38857	38886
1013	36600	41391	38875	38907
1014	36608	41413	38906	38928
1015	36621	41435	38930	38949
1016	36636	41461	38946	38970
1017	36661	41487	38968	38991
1018	36679	41496	38984	39011
1019	36693	41506	39000	39032
1020	36716	41526	39016	39053
1021	36740	41545	39034	39073
1022	36761	41565	39053	39094
1023	36780	41591	39073	39115
1024	36806	41624	39092	39135
1025	36833	41644	39107	39156
1026	36852	41669	39124	39178
1027	36876	41706	39146	39199
1028	36896	41722	39172	39221
1029	36912	41753	39194	39243
1030	36935	41767	39223	39264
1031	36950	41792	39243	39286
1032	36981	41834	39260	39308
1033	36992	41868	39278	39329
1034	37020	41895	39303	39351
1035	37038	41928	39324	39373
1036	37057	41950	39341	39393
1037	37080	41969	39363	39414
1038	37098	41994	39387	39435
1039	37112	42004	39411	39456
1040	37128	42014	39434	39477
1041	37154	42032	39455	39497
1042	37166	42046	39476	39518
1043	37183	42078	39497	39539
1044	37197	42090	39519	39560
1045	37207	42112	39541	39581
1046	37236	42142	39560	39602
1047	37263	42163	39579	39622
1048	37290	42172	39595	39643
1049	37316	42208	39615	39664
1050	37337	42258	39635	39685
1051	37356	42289	39659	39706
1052	37389	42319	39673	39727
1053	37421	42351	39696	39748
1054	37440	42379	39720	39769
1055	37462	42417	39740	39790
1056	37485	42437	39764	39811
1057	37498	42452	39787	39832
1058	37503	42482	39809	39853
1059	37522	42495	39831	39875
1060	37542	42517	39852	39896
1061	37563	42529	39869	39917
1062	37580	42551	39895	39938
1063	37593	42564	39915	39959
1064	37609	42583	39938	39981
1065	37625	42592	39960	40002
1066	37650	42631	39979	40023
1067	37664	42668	40005	40044
1068	37680	42694	40031	40065
1069	37702	42714	40050	40086
1070	37721	42728	40070	40107
1071	37734	42789	40094	40128
1072	37759	42825	40118	40149
1073	37773	42841	40141	40170
1074	37808	42851	40164	40192
1075	37833	42862	40183	40213
1076	37850	42886	40208	40234
1077	37868	42901	40223	40256
1078	37898	42926	40245	40277
1079	37911	42963	40269	40299
1080	37936	43002	40287	40320
1081	37943	43031	40310	40342
1082	37952	43058	40330	40364
1083	37966	43079	40355	40385
1084	37979	43084	40372	40407
1085	37999	43100	40395	40428
1086	38016	43128	40417	40449
1087	38045	43155	40445	40470
1088	38061	43183	40467	40491
1089	38087	43210	40489	40512
1090	38106	43228	40513	40533
1091	38111	43252	40536	40553
1092	38116	43277	40555	40574
1093	38130	43301	40583	40595
1094	38146	43322	40601	40616
1095	38189	43348	40622	40637
1096	38193	43364	40639	40658
1097	38229	43382	40659	40679
1098	38230	43397	40679	40701
1099	38272	43413	40704	40722
1100	38288	43441	40725	40743
1101	38306	43480	40743	40765
1102	38338	43511	40764	40786
1103	38371	43537	40779	40807
1104	38400	43579	40802	40828
1105	38401	43610	40824	40850
1106	38412	43620	40840	40871
1107	38435	43628	40860	40893
1108	38449	43637	40882	40914
1109	38472	43652	40908	40935
1110	38499	43671	40929	40957
1111	38521	43681	40950	40978
1112	38541	43728	40973	41000
1113	38555	43753	40992	41021
1114	38583	43772	41012	41043
1115	38607	43798	41034	41064
1116	38627	43814	41059	41085
1117	38652	43838	41076	41105
1118	38670	43855	41097	41126
1119	38686	43904	41121	41147
1120	38715	43931	41137	41167
1121	38734	43941	41159	41188
1122	38765	43950	41177	41209
1123	38770	43973	41194	41229
1124	38794	44015	41219	41250
1125	38820	44038	41240	41271
1126	38836	44064	41261	41292
1127	38868	44083	41284	41313
1128	38873	44105	41303	41334
1129	38907	44133	41324	41355
1130	38916	44151	41344	41376
1131	38926	44168	41365	41397
1132	38935	44198	41384	41418
1133	38951	44219	41410	41439
1134	38972	44247	41433	41460
1135	38976	44264	41454	41481
1136	39014	44280	41474	41502
1137	39032	44300	41492	41522
1138	39057	44332	41510	41543
1139	39076	44344	41532	41564
1140	39080	44356	41550	41584
1141	39095	44365	41570	41605
1142	39106	44382	41589	41626
1143	39140	44412	41611	41646
1144	39158	44448	41632	41667
1145	39174	44472	41651	41688
1146	39182	44496	41673	41709
1147	39215	44512	41693	41730
1148	39230	44529	41710	41752
1149	39247	44559	41734	41773
1150	39266	44583	41756	41795
1151	39274	44612	41775	41816
1152	39288	44631	41800	41837
1153	39304	44646	41826	41859
1154	39327	44666	41845	41880
1155	39357	44713	41869	41902
1156	39365	44729	41887	41922
1157	39375	44745	41909	41942
1158	39390	44772	41926	41962
1159	39417	44785	41947	41982
1160	39422	44823	41965	42003
1161	39441	44852	41995	42023
1162	39453	44863	42006	42043
1163	39469	44876	42031	42063
1164	39478	44890	42047	42084
1165	39504	44919	42062	42104
1166	39534	44947	42090	42125
1167	39583	44978	42112	42146
1168	39606	45002	42133	42167
1169	39619	45031	42160	42188
1170	39632	45055	42181	42209
1171	39655	45081	42199	42230
1172	39691	45107	42215	42251
1173	39710	45143	42239	42271
1174	39722	45162	42261	42292
1175	39742	45193	42280	42313
1176	39772	45208	42299	42334
1177	39790	45229	42314	42355
1178	39822	45260	42338	42376
1179	39853	45277	42355	42397
1180	39869	45289	42376	42418
1181	39878	45291	42394	42439
1182	39885	45307	42411	42461
1183	39896	45324	42433	42482
1184	39909	45340	42461	42503
1185	39918	45356	42482	42524
1186	39949	45382	42507	42545
1187	39963	45416	42529	42566
1188	39979	45447	42551	42587
1189	39994	45475	42569	42608
1190	40014	45510	42593	42629
1191	40037	45537	42616	42650
1192	40057	45545	42635	42671
1193	40084	45577	42654	42693
1194	40108	45597	42672	42714
1195	40128	45610	42694	42735
1196	40150	45626	42714	42756
1197	40161	45647	42743	42777
1198	40166	45679	42771	42798
1199	40193	45696	42788	42820
1200	40223	45722	42807	42841
1201	40252	45743	42826	42862
1202	40271	45761	42846	42883
1203	40295	45779	42872	42904
1204	40306	45794	42898	42926
1205	40324	45832	42918	42947
1206	40336	45849	42934	42967
1207	40350	45874	42956	42988
1208	40370	45891	42973	43008
1209	40399	45919	43001	43028
1210	40426	45938	43019	43049
1211	40440	45961	43038	43069
1212	40453	45985	43056	43089
1213	40471	46001	43079	43109
1214	40485	46027	43095	43130
1215	40497	46037	43115	43150
1216	40528	46064	43133	43171
1217	40543	46084	43157	43192
1218	40557	46115	43177	43213
1219	40575	46143	43197	43234
1220	40583	46179	43218	43255
1221	40597	46197	43240	43276
1222	40616	46215	43262	43297
1223	40629	46241	43278	43318
1224	40640	46260	43298	43339
1225	40658	46277	43315	43360
1226	40682	46293	43338	43381
1227	40695	46307	43356	43403
1228	40717	46321	43379	43424
1229	40739	46348	43396	43445
1230	40764	46375	43414	43467
1231	40784	46397	43436	43488
1232	40806	46424	43457	43509
1233	40813	46451	43476	43530
1234	40837	46478	43496	43552
1235	40856	46502	43521	43573
1236	40878	46511	43542	43594
1237	40913	46518	43564	43614
1238	40934	46531	43585	43635
1239	40963	46550	43605	43655
1240	40999	46570	43625	43676
1241	41025	46586	43641	43696
1242	41053	46604	43669	43717
1243	41074	46633	43693	43738
1244	41099	46653	43718	43758
1245	41108	46674	43740	43779
1246	41125	46694	43758	43800
1247	41133	46711	43776	43821
1248	41143	46731	43790	43842
1249	41153	46761	43805	43863
1250	41168	46785	43830	43884
1251	41191	46811	43849	43905
1252	41211	46831	43864	43926
1253	41236	46854	43894	43947
1254	41266	46898	43917	43968
1255	41290	46928	43941	43989
1256	41309	46951	43958	44010
1257	41326	46958	43977	44030
1258	41349	46980	43999	44051
1259	41370	47010	44021	44072
1260	41389	47040	44044	44093
1261	41400	47059	44068	44114
1262	41410	47076	44087	44134
1263	41427	47095	44108	44155
1264	41441	47111	44128	44176
1265	41466	47138	44153	44197
1266	41483	47147	44166	44217
1267	41500	47158	44184	44238
1268	41518	47168	44203	44259
1269	41547	47185	44231	44279
1270	41553	47197	44250	44300
1271	41569	47245	44270	44321
1272	41586	47257	44290	44341
1273	41596	47278	44307	44362
1274	41604	47307	44326	44383
1275	41619	47323	44353	44403
1276	41646	47347	44372	44424
1277	41667	47367	44393	44445
1278	41681	47378	44411	44466
1279	41696	47401	44431	44487
1280	41717	47416	44453	44508
1281	41746	47432	44471	44529
1282	41778	47452	44491	44550
1283	41811	47480	44512	44570
1284	41836	47516	44534	44591
1285	41849	47541	44555	44612
1286	41866	47553	44580	44633
1287	41887	47567	44597	44655
1288	41916	47580	44617	44676
1289	41942	47605	44636	44697
1290	41951	47618	44663	44718
1291	41968	47651	44675	44740
1292	41985	47686	44698	44761
1293	42008	47708	44720	44782
1294	42034	47743	44739	44803
1295	42063	47773	44763	44825
1296	42088	47795	44787	44845
1297	42105	47806	44810	44866
1298	42126	47815	44825	44887
1299	42143	47843	44850	44907
1300	42161	47860	44873	44928
1301	42192	47872	44905	44949
1302	42209	47891	44929	44970
1303	42218	47917	44949	44990
1304	42228	47928	44970	45011
1305	42250	47954	44988	45032
1306	42284	47991	45014	45053
1307	42310	48021	45037	45074
1308	42362	48038	45053	45096
1309	42391	48048	45076	45117
1310	42402	48062	45100	45138
1311	42418	48107	45122	45159
1312	42431	48116	45140	45180
1313	42455	48145	45163	45202
1314	42481	48172	45177	45223
1315	42506	48204	45196	45244
1316	42517	48232	45220	45265
1317	42529	48256	45238	45286
1318	42548	48282	45255	45306
1319	42565	48298	45274	45327
1320	42572	48324	45297	45348
1321	42584	48341	45313	45369
1322	42595	48359	45335	45390
1323	42632	48378	45356	45410
1324	42642	48395	45379	45431
1325	42657	48415	45401	45452
1326	42689	48434	45415	45473
1327	42714	48460	45435	45494
1328	42730	48480	45452	45515
1329	42756	48508	45474	45535
1330	42777	48533	45492	45556
1331	42803	48550	45513	45577
1332	42817	48564	45533	45598
1333	42836	48577	45555	45619
1334	42856	48589	45579	45640
1335	42868	48610	45601	45661
1336	42882	48630	45616	45682
1337	42902	48657	45630	45703
1338	42919	48679	45648	45724
1339	42945	48701	45667	45745
1340	42960	48735	45689	45766
1341	42991	48758	45712	45787
1342	42993	48780	45734	45808
1343	43009	48798	45754	45829
1344	43017	48811	45779	45850
1345	43024	48839	45795	45871
1346	43064	48872	45822	45891
1347	43082	48897	45840	45912
1348	43102	48933	45867	45933
1349	43116	48962	45891	45953
1350	43133	49005	45910	45974
