depth	min	max	median	mean
928	9136	10217	9470	9595
929	9160	10237	9497	9616
930	9175	10258	9525	9638
931	9188	10276	9555	9659
932	9204	10299	9591	9681
933	9219	10325	9624	9702
934	9242	10335	9647	9723
935	9266	10353	9672	9744
936	9290	10373	9694	9765
937	9306	10392	9721	9786
938	9320	10412	9750	9807
939	9345	10427	9773	9828
940	9370	10447	9796	9850
941	9390	10472	9820	9871
942	9413	10496	9847	9893
943	9431	10518	9873	9914
944	9455	10531	9894	9935
945	9473	10545	9917	9956
946	9493	10564	9936	9977
947	9512	10586	9961	9997
948	9525	10610	9984	10018
949	9556	10622	10008	10039
950	9579	10638	10030	10060
951	9599	10655	10051	10081
952	9614	10670	10075	10101
953	9631	10689	10096	10122
954	9658	10703	10119	10144
955	9690	10717	10140	10165
956	9719	10733	10163	10186
957	9737	10751	10190	10207
958	9757	10775	10211	10229
959	9786	10790	10234	10249
960	9814	10807	10255	10270
961	9841	10820	10275	10291
962	9859	10838	10296	10312
963	9882	10866	10318	10332
964	9910	10876	10337	10353
965	9941	10892	10357	10374
966	9966	10909	10377	10395
967	9990	10922	10397	10416
968	10011	10941	10419	10437
969	10041	10950	10439	10457
970	10067	10961	10459	10477
971	10090	10974	10481	10497
972	10121	10986	10501	10517
973	10141	11003	10522	10538
974	10183	11013	10540	10559
975	10224	11023	10558	10580
976	10255	11032	10577	10602
977	10280	11043	10600	10623
978	10305	11060	10623	10644
979	10340	11092	10655	10679
980	10368	11136	10688	10713
981	10390	11185	10719	10748
982	10409	11244	10749	10783
983	10427	11313	10779	10817
984	10456	11346	10811	10850
985	10481	11380	10847	10883
986	10503	11430	10882	10916
987	10522	11475	10915	10949
988	10539	11538	10946	10982
989	10574	11570	10981	11015
990	10603	11600	11018	11048
991	10628	11635	11055	11082
992	10643	11678	11088	11115
993	10661	11723	11122	11148
994	10691	11759	11162	11184
995	10724	11791	11199	11219
996	10750	11854	11234	11255
997	10772	11899	11270	11290
998	10791	11959	11304	11326
999	10820	11994	11345	11361
1000	10849	12019	11378	11396
1001	10879	12052	11412	11431
1002	10902	12089	11450	11466
1003	10924	12150	11485	11501
1004	10956	12181	11519	11536
1005	10988	12212	11557	11570
1006	11016	12247	11593	11604
1007	11037	12300	11628	11639
1008	11061	12348	11659	11673
1009	11104	12381	11698	11708
1010	11144	12418	11734	11744
1011	11175	12459	11768	11779
1012	11212	12512	11805	11815
1013	11236	12555	11838	11850
1014	11269	12586	11872	11885
1015	11307	12615	11909	11920
1016	11333	12652	11944	11955
1017	11361	12687	11976	11990
1018	11387	12731	12012	12025
1019	11418	12758	12048	12060
1020	11447	12794	12084	12095
1021	11477	12829	12125	12129
1022	11504	12862	12160	12164
1023	11528	12907	12200	12199
1024	11575	12935	12236	12235
1025	11605	12965	12273	12271
1026	11639	12996	12309	12307
1027	11667	13034	12346	12343
1028	11691	13074	12379	12378
1029	11727	13096	12413	12413
1030	11775	13123	12449	12449
1031	11814	13165	12486	12484
1032	11846	13200	12524	12519
1033	11866	13239	12563	12554
1034	11911	13264	12596	12588
1035	11950	13300	12629	12622
1036	11979	13334	12662	12656
1037	12011	13368	12696	12690
1038	12037	13399	12729	12724
1039	12093	13430	12764	12760
1040	12122	13466	12797	12795
1041	12158	13496	12832	12831
1042	12190	13535	12869	12866
1043	12215	13575	12906	12902
1044	12263	13616	12939	12937
1045	12307	13638	12974	12972
1046	12337	13673	13008	13008
1047	12373	13705	13042	13043
1048	12407	13751	13076	13078
1049	12450	13773	13110	13112
1050	12484	13796	13147	13146
1051	12520	13824	13183	13179
1052	12546	13850	13215	13213
1053	12570	13887	13251	13247
1054	12621	13912	13287	13282
1055	12669	13939	13326	13316
1056	12701	13971	13358	13351
1057	12724	14011	13393	13386
1058	12752	14055	13432	13421
1059	12812	14080	13462	13456
1060	12853	14097	13496	13492
1061	12887	14122	13534	13527
1062	12930	14154	13568	13563
1063	12963	14197	13606	13598
1064	13016	14213	13640	13633
1065	13065	14233	13672	13667
1066	13099	14260	13705	13701
1067	13131	14291	13742	13735
1068	13150	14322	13777	13769
1069	13202	14341	13812	13803
1070	13242	14368	13844	13837
1071	13276	14398	13877	13871
1072	13319	14433	13908	13905
1073	13347	14475	13949	13939
1074	13406	14495	13979	13973
1075	13454	14520	14010	14007
1076	13504	14540	14047	14041
1077	13545	14574	14082	14075
1078	13572	14613	14120	14109
1079	13637	14635	14151	14145
1080	13697	14655	14183	14181
1081	13758	14686	14217	14217
1082	13801	14723	14250	14253
1083	13836	14754	14285	14289
1084	13917	14779	14317	14323
1085	13991	14803	14348	14356
1086	14052	14825	14380	14390
1087	14103	14852	14411	14424
1088	14144	14886	14445	14458
1089	14170	14908	14468	14480
1090	14191	14921	14493	14503
1091	14211	14947	14517	14526
1092	14230	14976	14539	14549
1093	14243	14999	14562	14571
1094	14264	15019	14583	14593
1095	14286	15038	14605	14615
1096	14305	15062	14628	14637
1097	14319	15087	14649	14659
1098	14331	15116	14670	14681
1099	14352	15131	14690	14702
1100	14372	15145	14711	14722
1101	14388	15171	14735	14743
1102	14399	15198	14758	14764
1103	14408	15231	14781	14785
1104	14428	15244	14803	14806
1105	14448	15265	14826	14827
1106	14469	15286	14847	14848
1107	14481	15309	14867	14869
1108	14495	15334	14888	14890
1109	14521	15356	14909	14912
1110	14543	15373	14930	14933
1111	14557	15395	14950	14954
1112	14574	15416	14971	14975
1113	14589	15441	14991	14996
1114	14619	15465	15012	15017
1115	14640	15483	15033	15038
1116	14655	15505	15055	15058
1117	14674	15519	15077	15079
1118	14684	15544	15097	15100
1119	14705	15560	15119	15121
1120	14726	15583	15141	15142
1121	14739	15602	15164	15163
1122	14755	15621	15186	15185
1123	14770	15643	15206	15206
1124	14801	15658	15226	15227
1125	14825	15680	15247	15249
1126	14840	15707	15270	15271
1127	14854	15725	15292	15292
1128	14870	15754	15315	15314
1129	14892	15770	15338	15335
1130	14913	15794	15360	15357
1131	14934	15813	15380	15378
1132	14959	15833	15402	15400
1133	14974	15868	15421	15422
1134	15005	15885	15441	15442
1135	15023	15904	15462	15463
1136	15043	15923	15484	15484
1137	15064	15942	15503	15505
1138	15089	15962	15523	15525
1139	15109	15980	15543	15546
1140	15135	15993	15565	15566
1141	15161	16018	15584	15587
1142	15179	16037	15606	15607
1143	15199	16066	15626	15628
1144	15225	16075	15646	15649
1145	15239	16092	15668	15669
1146	15257	16111	15690	15690
1147	15278	16136	15711	15711
1148	15297	16158	15733	15732
1149	15326	16170	15753	15753
1150	15355	16191	15774	15775
1151	15375	16208	15797	15796
1152	15393	16234	15819	15818
1153	15410	16259	15840	15839
1154	15441	16272	15862	15860
1155	15463	16291	15882	15882
1156	15492	16305	15905	15903
1157	15515	16323	15924	15925
1158	15535	16343	15945	15946
1159	15565	16355	15966	15967
1160	15595	16373	15988	15988
1161	15621	16396	16012	16009
1162	15639	16420	16033	16029
1163	15659	16446	16055	16050
1164	15688	16456	16076	16071
1165	15711	16465	16095	16091
1166	15736	16486	16114	16112
1167	15756	16508	16135	16132
1168	15773	16535	16157	16153
1169	15789	16548	16179	16172
1170	15809	16566	16199	16192
1171	15823	16588	16220	16211
1172	15834	16610	16239	16231
1173	15847	16639	16258	16250
1174	15873	16664	16279	16270
1175	15887	16689	16300	16291
1176	15904	16716	16319	16311
1177	15917	16744	16337	16332
1178	15928	16776	16354	16352
1179	15949	16798	16375	16372
1180	15965	16818	16394	16391
1181	15975	16844	16414	16411
1182	15985	16874	16433	16431
1183	15996	16909	16452	16450
1184	16015	16923	16473	16470
1185	16034	16948	16494	16490
1186	16047	16975	16511	16509
1187	16063	17004	16528	16529
1188	16079	17045	16544	16549
1189	16097	17068	16565	16569
1190	16111	17086	16586	16589
1191	16125	17105	16607	16608
1192	16138	17130	16626	16628
1193	16151	17155	16644	16648
1194	16170	17176	16667	16669
1195	16192	17198	16687	16689
1196	16208	17236	16706	16709
1197	16218	17268	16727	16729
1198	16235	17290	16747	16750
1199	16254	17315	16766	16770
1200	16266	17332	16784	16789
1201	16283	17351	16802	16809
1202	16296	17377	16823	16829
1203	16308	17410	16843	16849
1204	16318	17430	16864	16868
1205	16335	17452	16883	16888
1206	16353	17476	16906	16908
1207	16374	17503	16926	16928
1208	16389	17530	16948	16948
1209	16408	17548	16967	16968
1210	16425	17559	16984	16987
1211	16442	17586	17003	17007
1212	16457	17621	17023	17027
1213	16471	17656	17041	17046
1214	16489	17676	17061	17066
1215	16511	17699	17083	17085
1216	16522	17721	17100	17105
1217	16537	17745	17119	17124
1218	16557	17780	17134	17144
1219	16569	17792	17154	17163
1220	16584	17816	17175	17183
1221	16593	17841	17198	17202
1222	16605	17863	17217	17222
1223	16616	17883	17238	17241
1224	16633	17902	17258	17261
1225	16647	17925	17278	17281
1226	16665	17950	17296	17301
1227	16681	17981	17314	17320
1228	16692	18009	17331	17340
1229	16710	18024	17350	17360
1230	16732	18048	17375	17379
1231	16752	18070	17394	17399
1232	16768	18098	17415	17419
1233	16783	18128	17435	17438
1234	16804	18148	17456	17458
1235	16821	18164	17478	17478
1236	16833	18185	17497	17498
1237	16849	18212	17517	17518
1238	16861	18232	17539	17538
1239	16881	18253	17557	17557
1240	16896	18278	17574	17577
1241	16909	18303	17593	17597
1242	16922	18328	17612	17616
1243	16936	18352	17632	17636
1244	16958	18368	17654	17655
1245	16971	18389	17670	17675
1246	16987	18410	17690	17694
1247	17000	18440	17709	17714
1248	17014	18471	17727	17733
1249	17030	18491	17750	17753
1250	17049	18506	17775	17773
1251	17070	18533	17795	17793
1252	17086	18557	17813	17814
1253	17104	18587	17832	17834
1254	17124	18603	17856	17853
1255	17140	18623	17880	17873
1256	17157	18642	17898	17893
1257	17172	18666	17916	17912
1258	17185	18688	17938	17932
1259	17200	18722	17956	17951
1260	17222	18738	17979	17971
1261	17233	18754	17999	17990
1262	17248	18781	18017	18010
1263	17263	18804	18040	18029
1264	17285	18823	18059	18048
1265	17302	18841	18076	18067
1266	17322	18869	18095	18086
1267	17338	18889	18114	18105
1268	17350	18918	18132	18124
1269	17372	18941	18155	18144
1270	17388	18960	18179	18164
1271	17405	18984	18201	18184
1272	17420	19002	18223	18204
1273	17432	19030	18242	18224
1274	17455	19044	18264	18243
1275	17476	19069	18285	18263
1276	17495	19091	18309	18283
1277	17515	19116	18332	18302
1278	17524	19136	18356	18322
1279	17543	19151	18376	18342
1280	17562	19165	18397	18362
1281	17583	19186	18414	18381
1282	17600	19207	18431	18401
1283	17611	19234	18453	18421
1284	17630	19256	18474	18441
1285	17655	19275	18499	18460
1286	17681	19294	18522	18480
1287	17698	19321	18547	18500
1288	17706	19343	18568	18520
1289	17731	19361	18588	18540
1290	17751	19379	18612	18561
1291	17766	19399	18635	18582
1292	17791	19424	18654	18603
1293	17811	19454	18678	18623
1294	17825	19472	18700	18643
1295	17843	19488	18720	18663
1296	17860	19506	18741	18683
1297	17877	19528	18762	18703
1298	17893	19556	18783	18723
1299	17913	19570	18805	18743
1300	17928	19581	18829	18762
1301	17941	19598	18847	18782
1302	17960	19618	18867	18802
1303	17983	19634	18888	18822
1304	18003	19652	18911	18842
1305	18023	19672	18935	18861
1306	18046	19694	18957	18881
1307	18062	19714	18977	18901
1308	18081	19738	18996	18920
1309	18099	19760	19021	18940
1310	18122	19777	19041	18959
1311	18139	19801	19063	18979
1312	18158	19823	19085	18998
1313	18176	19848	19107	19018
1314	18196	19863	19129	19038
1315	18221	19881	19153	19058
1316	18242	19896	19174	19079
1317	18255	19919	19197	19099
1318	18272	19948	19220	19119
1319	18296	19965	19243	19140
1320	18319	19984	19266	19160
1321	18343	20003	19290	19181
1322	18362	20019	19312	19202
1323	18380	20045	19333	19223
1324	18410	20067	19355	19242
1325	18438	20096	19376	19262
1326	18463	20111	19395	19281
1327	18485	20136	19414	19301
1328	18503	20156	19435	19321
1329	18550	20177	19471	19356
1330	18580	20198	19505	19391
1331	18600	20229	19540	19426
1332	18616	20260	19570	19461
1333	18632	20288	19597	19496
1334	18685	20307	19629	19532
1335	18722	20324	19659	19568
1336	18753	20344	19690	19605
1337	18779	20370	19723	19641
1338	18808	20397	19755	19678
1339	18880	20415	19791	19716
1340	18936	20440	19827	19754
1341	18977	20456	19858	19792
1342	19016	20472	19895	19830
1343	19045	20501	19933	19868
1344	19126	20520	19963	19906
1345	19189	20541	19998	19944
1346	19232	20565	20033	19982
1347	19272	20588	20066	20020
1348	19313	20615	20102	20058
1349	19403	20633	20134	20095
1350	19477	20653	20165	20133
1351	19528	20674	20197	20171
1352	19590	20699	20233	20209
1353	19634	20733	20271	20247
1354	19731	20749	20302	20284
1355	19814	20768	20333	20322
1356	19880	20786	20366	20359
1357	19933	20813	20401	20397
1358	19981	20846	20436	20434
1359	20022	20874	20473	20470
1360	20048	20923	20506	20506
1361	20087	20975	20538	20542
1362	20112	21044	20569	20578
1363	20142	21117	20603	20614
1364	20180	21158	20639	20651
1365	20203	21205	20674	20687
1366	20228	21267	20710	20723
1367	20253	21324	20745	20759
1368	20278	21394	20778	20795
1369	20312	21429	20818	20832
1370	20345	21472	20856	20869
1371	20369	21526	20892	20905
1372	20388	21584	20930	20942
1373	20408	21651	20966	20979
1374	20440	21683	21001	21015
1375	20467	21717	21037	21052
1376	20494	21762	21074	21088
1377	20521	21819	21108	21125
1378	20544	21875	21143	21161
1379	20582	21908	21179	21198
1380	20615	21941	21217	21234
1381	20644	21981	21256	21270
1382	20677	22027	21294	21306
1383	20701	22083	21330	21343
1384	20735	22117	21367	21378
1385	20768	22147	21399	21414
1386	20787	22194	21437	21450
1387	20806	22244	21471	21486
1388	20824	22311	21504	21522
1389	20870	22348	21539	21559
1390	20901	22383	21574	21596
1391	20927	22423	21614	21633
1392	20949	22453	21651	21670
1393	20969	22521	21689	21707
1394	21010	22553	21723	21743
1395	21038	22594	21757	21778
1396	21067	22656	21791	21814
1397	21093	22707	21831	21850
1398	21114	22746	21868	21886
1399	21149	22784	21904	21923
1400	21184	22830	21941	21960
1401	21213	22870	21979	21996
1402	21249	22911	22018	22033
1403	21270	22956	22050	22070
1404	21310	22995	22089	22107
1405	21343	23026	22127	22145
1406	21371	23070	22167	22182
1407	21396	23117	22202	22220
1408	21419	23168	22237	22257
1409	21469	23197	22276	22294
1410	21508	23221	22315	22331
1411	21534	23259	22350	22368
1412	21566	23300	22387	22406
1413	21595	23343	22426	22443
1414	21628	23381	22458	22479
1415	21666	23421	22498	22516
1416	21700	23457	22536	22552
1417	21724	23503	22575	22589
1418	21750	23546	22612	22625
1419	21797	23577	22648	22661
1420	21832	23622	22683	22697
1421	21869	23655	22716	22732
1422	21913	23701	22750	22768
1423	21936	23742	22789	22804
1424	21978	23775	22826	22840
1425	22012	23803	22858	22877
1426	22038	23833	22893	22913
1427	22063	23880	22931	22950
1428	22084	23925	22969	22986
1429	22132	23955	23008	23023
1430	22168	23981	23044	23059
1431	22203	24016	23083	23096
1432	22228	24064	23121	23132
1433	22262	24099	23154	23169
1434	22300	24136	23192	23205
1435	22322	24166	23228	23242
1436	22350	24197	23271	23279
1437	22377	24239	23308	23315
1438	22403	24290	23349	23352
1439	22446	24334	23387	23388
1440	22481	24363	23420	23424
1441	22524	24409	23457	23460
1442	22558	24452	23499	23496
1443	22594	24511	23534	23533
1444	22643	24531	23571	23570
1445	22680	24564	23608	23607
1446	22707	24608	23646	23645
1447	22737	24643	23688	23682
1448	22759	24686	23725	23719
1449	22793	24722	23762	23755
1450	22838	24754	23799	23791
1451	22878	24792	23835	23827
1452	22898	24836	23870	23863
1453	22930	24867	23907	23900
1454	22985	24901	23945	23935
1455	23029	24926	23978	23970
1456	23042	24954	24012	24006
1457	23068	24986	24046	24041
1458	23101	25036	24079	24076
1459	23153	25068	24117	24114
1460	23182	25113	24154	24151
1461	23220	25137	24190	24189
1462	23258	25183	24225	24227
1463	23289	25222	24260	24264
1464	23334	25250	24297	24301
1465	23371	25273	24334	24338
1466	23412	25301	24369	24375
1467	23451	25338	24406	24412
1468	23482	25380	24443	24449
1469	23532	25400	24482	24485
1470	23562	25441	24520	24521
1471	23590	25474	24552	24557
1472	23618	25514	24590	24593
1473	23645	25551	24627	24629
1474	23697	25574	24664	24666
1475	23740	25601	24704	24702
1476	23772	25636	24740	24738
1477	23797	25664	24776	24774
1478	23832	25714	24815	24811
1479	23869	25745	24855	24847
1480	23920	25765	24889	24884
1481	23958	25800	24925	24921
1482	23986	25835	24967	24957
1483	24019	25873	25001	24994
1484	24064	25898	25040	25031
1485	24094	25935	25075	25068
1486	24127	25956	25110	25105
1487	24162	25994	25149	25142
1488	24199	26033	25187	25179
1489	24256	26064	25223	25216
1490	24303	26107	25262	25252
1491	24334	26137	25297	25288
1492	24371	26165	25329	25325
1493	24385	26211	25368	25361
1494	24436	26242	25406	25397
1495	24471	26267	25444	25434
1496	24510	26297	25480	25470
1497	24544	26345	25521	25507
1498	24584	26383	25557	25543
1499	24630	26405	25590	25579
1500	24682	26438	25623	25615
1501	24721	26466	25667	25651
1502	24774	26497	25704	25687
1503	24788	26531	25742	25722
1504	24835	26557	25775	25759
1505	24872	26582	25816	25796
1506	24923	26613	25854	25832
1507	24949	26648	25891	25869
1508	24977	26686	25930	25905
1509	25034	26711	25965	25942
1510	25074	26741	26001	25979
1511	25108	26778	26041	26016
1512	25153	26813	26074	26053
1513	25183	26854	26114	26089
1514	25233	26870	26148	26127
1515	25294	26902	26181	26164
1516	25342	26933	26218	26201
1517	25377	26963	26256	26238
1518	25414	27004	26297	26276
1519	25485	27015	26330	26312
1520	25515	27045	26364	26348
1521	25554	27074	26400	26384
1522	25582	27109	26438	26420
1523	25608	27146	26477	26456
1524	25681	27166	26506	26492
1525	25725	27192	26541	26527
1526	25762	27218	26572	26563
1527	25806	27244	26609	26598
1528	25830	27287	26649	26634
1529	25840	27335	26682	26667
1530	25850	27382	26717	26700
1531	25862	27447	26752	26733
1532	25887	27517	26788	26767
1533	25922	27587	26814	26800
1534	25941	27628	26847	26833
1535	25964	27668	26876	26865
1536	25988	27706	26911	26898
1537	26010	27768	26946	26931
1538	26026	27849	26978	26963
1539	26059	27881	27013	26997
1540	26086	27935	27047	27031
1541	26120	27996	27078	27064
1542	26140	28058	27109	27098
1543	26154	28127	27143	27132
1544	26177	28165	27174	27165
1545	26201	28219	27206	27198
1546	26221	28266	27238	27232
1547	26232	28329	27268	27265
1548	26255	28394	27296	27298
1549	26282	28437	27331	27331
1550	26302	28472	27363	27365
1551	26307	28519	27396	27398
1552	26327	28579	27426	27431
1553	26345	28637	27458	27464
1554	26360	28695	27490	27497
1555	26367	28755	27527	27531
1556	26383	28810	27563	27564
1557	26416	28861	27596	27598
1558	26425	28928	27627	27631
1559	26439	28965	27656	27664
1560	26463	29014	27685	27697
1561	26488	29067	27717	27729
1562	26517	29125	27748	27762
1563	26548	29184	27781	27795
1564	26572	29218	27811	27826
1565	26595	29250	27840	27857
1566	26628	29292	27869	27888
1567	26652	29335	27898	27919
1568	26668	29386	27929	27950
1569	26686	29409	27951	27974
1570	26710	29428	27977	27998
1571	26734	29456	27999	28022
1572	26743	29482	28022	28046
1573	26752	29514	28043	28070
1574	26783	29529	28070	28094
1575	26799	29553	28094	28118
1576	26826	29576	28118	28142
1577	26852	29598	28144	28167
1578	26879	29622	28170	28191
1579	26900	29642	28200	28215
1580	26920	29679	28225	28239
1581	26940	29712	28249	28263
1582	26961	29744	28271	28287
1583	26982	29782	28295	28311
1584	27005	29810	28318	28335
1585	27030	29837	28340	28358
1586	27055	29861	28365	28382
1587	27076	29890	28387	28405
1588	27098	29923	28410	28429
1589	27120	29949	28432	28453
1590	27141	29974	28455	28478
1591	27154	29988	28480	28503
1592	27170	30005	28504	28527
1593	27187	30046	28526	28552
1594	27215	30073	28552	28577
1595	27239	30099	28580	28602
1596	27259	30133	28606	28627
1597	27279	30155	28631	28652
1598	27290	30192	28660	28677
1599	27322	30212	28687	28702
1600	27362	30237	28710	28726
1601	27374	30262	28737	28751
1602	27408	30289	28758	28775
1603	27437	30323	28785	28800
1604	27471	30339	28812	28824
1605	27492	30374	28838	28849
1606	27514	30396	28862	28874
1607	27545	30431	28880	28898
1608	27567	30463	28901	28923
1609	27588	30485	28925	28945
1610	27591	30510	28948	28967
1611	27624	30531	28969	28989
