depth	min	max	median	mean
245	958	1515	1319	1293
246	962	1522	1327	1301
247	969	1531	1334	1309
248	974	1540	1342	1317
249	979	1552	1349	1325
250	984	1567	1355	1333
251	990	1582	1362	1341
252	998	1597	1368	1349
253	1001	1610	1374	1357
254	1005	1626	1380	1365
255	1009	1647	1386	1373
256	1019	1657	1394	1382
257	1028	1666	1404	1390
258	1037	1673	1411	1398
259	1047	1686	1418	1407
260	1053	1702	1425	1415
261	1057	1713	1434	1423
262	1061	1728	1441	1432
263	1066	1742	1448	1440
264	1072	1756	1455	1448
265	1076	1775	1462	1457
266	1083	1783	1469	1465
267	1089	1791	1478	1472
268	1096	1799	1485	1480
269	1102	1804	1491	1488
270	1109	1815	1499	1496
271	1114	1825	1506	1504
272	1121	1836	1513	1511
273	1128	1849	1521	1519
274	1135	1864	1528	1527
275	1143	1880	1535	1535
276	1154	1890	1543	1543
277	1158	1901	1552	1551
278	1164	1911	1561	1559
279	1173	1922	1569	1567
280	1181	1931	1576	1575
281	1189	1942	1584	1583
282	1198	1948	1591	1591
283	1203	1964	1599	1599
284	1211	1975	1607	1607
285	1216	1986	1615	1615
286	1225	1993	1623	1623
287	1232	2001	1631	1631
288	1238	2011	1638	1639
289	1249	2020	1647	1648
290	1258	2031	1656	1656
291	1268	2040	1664	1664
292	1273	2054	1671	1672
293	1279	2064	1680	1680
294	1286	2075	1688	1688
295	1294	2090	1696	1696
296	1297	2095	1704	1704
297	1307	2101	1712	1712
298	1314	2107	1720	1720
299	1321	2116	1728	1728
300	1324	2125	1736	1736
301	1330	2135	1745	1744
302	1339	2144	1753	1752
303	1344	2158	1760	1760
304	1350	2176	1768	1768
305	1358	2189	1774	1776
306	1365	2194	1781	1783
307	1369	2198	1789	1791
308	1373	2206	1796	1798
309	1383	2220	1803	1806
310	1393	2228	1812	1813
311	1401	2240	1818	1821
312	1409	2248	1826	1829
313	1414	2258	1834	1836
314	1418	2269	1841	1844
315	1422	2281	1849	1851
316	1428	2292	1858	1860
317	1435	2299	1868	1868
318	1440	2307	1875	1876
319	1447	2312	1884	1884
320	1453	2322	1892	1892
321	1458	2331	1899	1900
322	1465	2344	1907	1908
323	1470	2355	1916	1916
324	1476	2365	1924	1925
325	1481	2372	1933	1933
326	1488	2379	1942	1941
327	1500	2385	1949	1949
328	1508	2390	1958	1957
329	1515	2401	1966	1965
330	1519	2413	1974	1973
331	1524	2426	1981	1981
332	1531	2436	1989	1989
333	1535	2446	1997	1997
334	1541	2459	2004	2005
335	1546	2471	2013	2013
336	1551	2476	2021	2020
337	1560	2481	2029	2028
338	1569	2490	2038	2036
339	1575	2503	2046	2043
340	1580	2511	2053	2051
341	1586	2520	2060	2059
342	1591	2527	2067	2066
343	1597	2536	2074	2074
344	1601	2548	2082	2082
345	1607	2562	2088	2089
346	1616	2570	2095	2097
347	1626	2579	2102	2105
348	1630	2587	2111	2113
349	1638	2599	2118	2121
350	1645	2607	2128	2129
351	1651	2616	2136	2137
352	1657	2625	2143	2145
353	1661	2637	2151	2153
354	1670	2647	2158	2161
355	1676	2657	2166	2169
356	1685	2665	2175	2177
357	1693	2675	2184	2186
358	1699	2682	2192	2194
359	1706	2692	2199	2202
360	1713	2701	2207	2210
361	1719	2710	2215	2218
362	1728	2721	2223	2227
363	1730	2727	2232	2235
364	1739	2737	2241	2243
365	1747	2747	2248	2251
366	1755	2760	2256	2259
367	1761	2768	2266	2267
368	1771	2774	2273	2275
369	1778	2783	2282	2283
370	1786	2796	2289	2291
371	1791	2802	2297	2299
372	1794	2813	2305	2307
373	1797	2820	2311	2315
374	1800	2830	2319	2323
375	1809	2841	2326	2331
376	1816	2848	2334	2339
377	1823	2851	2342	2347
378	1830	2859	2350	2355
379	1837	2866	2358	2363
380	1844	2872	2367	2371
381	1851	2884	2375	2379
382	1858	2897	2385	2387
383	1866	2905	2392	2395
384	1872	2918	2400	2403
385	1879	2925	2407	2411
386	1887	2932	2416	2419
387	1897	2940	2425	2427
388	1906	2946	2434	2435
389	1910	2951	2442	2443
390	1921	2959	2450	2451
391	1931	2968	2458	2459
392	1936	2974	2466	2467
393	1939	2985	2474	2475
394	1945	2996	2484	2484
395	1952	3006	2492	2492
396	1961	3016	2499	2499
397	1966	3022	2507	2507
398	1972	3027	2514	2515
399	1981	3036	2522	2523
400	1987	3046	2530	2531
401	1995	3057	2538	2538
402	1999	3065	2546	2546
403	2002	3076	2553	2554
404	2008	3089	2561	2562
405	2013	3097	2568	2570
406	2022	3102	2577	2578
407	2030	3114	2585	2586
408	2041	3128	2593	2594
409	2052	3135	2602	2602
410	2055	3147	2610	2611
411	2059	3153	2620	2619
412	2064	3159	2627	2627
413	2070	3171	2634	2635
414	2077	3178	2642	2643
415	2086	3193	2650	2652
416	2095	3196	2658	2659
417	2099	3205	2667	2667
418	2108	3213	2674	2675
419	2117	3219	2683	2683
420	2128	3231	2692	2690
421	2135	3236	2699	2698
422	2140	3245	2706	2706
423	2146	3252	2713	2714
424	2154	3260	2723	2721
425	2158	3270	2730	2729
426	2166	3279	2740	2737
427	2171	3289	2749	2745
428	2175	3295	2756	2754
429	2179	3302	2764	2762
430	2182	3310	2772	2770
431	2185	3322	2782	2778
432	2192	3334	2792	2786
433	2198	3342	2800	2794
434	2204	3353	2808	2803
435	2210	3359	2818	2811
436	2220	3364	2825	2819
437	2225	3371	2832	2827
438	2232	3377	2841	2835
439	2237	3382	2849	2844
440	2246	3392	2857	2852
441	2256	3403	2867	2860
442	2264	3413	2877	2868
443	2271	3422	2886	2876
444	2278	3435	2894	2885
445	2282	3443	2901	2893
446	2285	3453	2909	2901
447	2291	3461	2917	2909
448	2302	3467	2924	2917
449	2313	3475	2933	2925
450	2319	3482	2941	2933
451	2328	3486	2950	2941
452	2336	3496	2958	2949
453	2343	3515	2967	2957
454	2348	3530	2974	2965
455	2352	3540	2982	2973
456	2359	3547	2990	2981
457	2372	3553	2999	2989
458	2376	3562	3007	2997
459	2382	3572	3015	3005
460	2390	3581	3023	3013
461	2396	3586	3032	3021
462	2401	3592	3040	3029
463	2409	3598	3048	3037
464	2413	3608	3054	3045
465	2416	3617	3063	3053
466	2421	3625	3071	3061
467	2429	3634	3080	3069
468	2440	3643	3087	3077
469	2450	3650	3093	3085
470	2457	3655	3102	3093
471	2464	3664	3109	3101
472	2468	3668	3118	3109
473	2474	3677	3126	3116
474	2482	3686	3135	3124
475	2487	3696	3144	3132
476	2493	3701	3153	3140
477	2508	3711	3163	3148
478	2515	3720	3171	3156
479	2520	3731	3180	3164
480	2526	3742	3188	3172
481	2530	3751	3196	3180
482	2540	3761	3204	3188
483	2546	3769	3214	3196
484	2551	3775	3223	3204
485	2558	3788	3230	3213
486	2566	3792	3238	3220
487	2578	3801	3247	3228
488	2586	3809	3254	3236
489	2592	3816	3261	3244
490	2599	3825	3268	3252
491	2606	3834	3278	3260
492	2615	3843	3287	3268
493	2625	3848	3295	3276
494	2633	3858	3303	3284
495	2637	3868	3312	3291
496	2646	3876	3319	3300
497	2652	3886	3327	3308
498	2661	3897	3335	3316
499	2668	3905	3343	3324
500	2674	3911	3351	3332
501	2686	3921	3360	3340
502	2691	3932	3369	3348
503	2695	3942	3377	3356
504	2704	3947	3386	3364
505	2710	3956	3393	3372
506	2720	3962	3400	3380
507	2727	3970	3408	3388
508	2729	3976	3415	3395
509	2736	3985	3422	3403
510	2742	3995	3432	3411
511	2757	4005	3439	3418
512	2768	4013	3448	3426
513	2776	4020	3456	3434
514	2783	4026	3465	3442
515	2794	4036	3471	3449
516	2797	4043	3478	3457
517	2804	4048	3489	3465
518	2809	4056	3498	3473
519	2817	4061	3506	3481
520	2825	4065	3514	3488
521	2832	4073	3522	3496
522	2838	4079	3528	3504
523	2844	4087	3536	3512
524	2850	4096	3544	3520
525	2854	4108	3553	3527
526	2866	4113	3562	3536
527	2873	4119	3569	3544
528	2879	4126	3577	3552
529	2886	4135	3584	3561
530	2893	4141	3593	3569
531	2901	4151	3603	3577
532	2908	4157	3611	3586
533	2918	4167	3618	3594
534	2925	4176	3626	3602
535	2930	4188	3636	3611
536	2935	4196	3644	3618
537	2943	4201	3654	3626
538	2954	4205	3662	3634
539	2961	4214	3670	3642
540	2970	4218	3679	3650
541	2975	4223	3688	3658
542	2979	4230	3696	3666
543	2985	4240	3704	3674
544	2994	4251	3712	3682
545	2997	4259	3719	3689
546	3006	4267	3728	3698
547	3020	4273	3737	3706
548	3027	4278	3746	3714
549	3037	4286	3754	3723
550	3043	4295	3764	3731
551	3048	4301	3771	3740
552	3056	4312	3780	3748
553	3060	4319	3789	3756
554	3069	4326	3797	3765
555	3073	4337	3804	3773
556	3080	4345	3811	3781
557	3091	4350	3819	3789
558	3094	4359	3829	3797
559	3099	4368	3838	3805
560	3111	4375	3846	3813
561	3117	4388	3854	3821
562	3123	4397	3861	3829
563	3129	4408	3869	3838
564	3136	4418	3877	3846
565	3145	4428	3885	3854
566	3154	4434	3894	3862
567	3167	4440	3902	3869
568	3174	4448	3909	3877
569	3179	4459	3917	3885
570	3190	4464	3925	3893
571	3194	4472	3934	3901
572	3200	4480	3944	3908
573	3210	4490	3954	3916
574	3216	4500	3961	3924
575	3222	4509	3970	3932
576	3235	4515	3977	3940
577	3242	4518	3988	3948
578	3249	4527	3996	3956
579	3252	4533	4005	3964
580	3256	4537	4012	3972
581	3263	4543	4020	3980
582	3271	4549	4029	3988
583	3272	4556	4036	3996
584	3275	4565	4043	4004
585	3282	4574	4050	4012
586	3293	4581	4058	4020
587	3307	4588	4067	4028
588	3310	4597	4076	4036
589	3321	4602	4084	4044
590	3332	4613	4092	4052
591	3339	4618	4100	4059
592	3352	4627	4106	4067
593	3359	4636	4114	4075
594	3368	4648	4122	4083
595	3374	4658	4130	4091
596	3380	4663	4138	4099
597	3387	4671	4146	4107
598	3390	4677	4156	4115
599	3395	4683	4165	4123
600	3402	4691	4172	4130
601	3411	4697	4181	4138
602	3419	4705	4189	4146
603	3425	4711	4197	4154
604	3427	4721	4205	4162
605	3432	4727	4213	4170
606	3440	4734	4221	4178
607	3447	4742	4228	4185
608	3455	4750	4235	4193
609	3461	4758	4244	4201
610	3465	4766	4252	4209
611	3469	4773	4261	4217
612	3473	4782	4269	4225
613	3476	4789	4278	4233
614	3482	4795	4284	4241
615	3489	4800	4292	4249
616	3498	4807	4300	4257
617	3503	4814	4308	4264
618	3507	4822	4318	4272
619	3518	4828	4325	4280
620	3525	4837	4333	4288
621	3534	4841	4341	4296
622	3542	4849	4351	4303
623	3548	4860	4358	4311
624	3552	4869	4366	4319
625	3556	4878	4376	4327
626	3563	4886	4383	4335
627	3570	4892	4391	4343
628	3579	4897	4399	4351
629	3587	4901	4406	4359
630	3596	4907	4416	4367
631	3605	4916	4423	4375
632	3614	4925	4434	4383
633	3624	4933	4444	4391
634	3632	4940	4452	4399
635	3640	4948	4460	4407
636	3647	4952	4469	4415
637	3655	4955	4476	4423
638	3663	4961	4483	4431
639	3674	4967	4491	4439
640	3677	4974	4499	4447
641	3683	4980	4506	4455
642	3687	4988	4514	4463
643	3692	4998	4522	4471
644	3698	5006	4530	4479
645	3706	5011	4537	4487
646	3709	5018	4544	4495
647	3719	5027	4552	4503
648	3727	5033	4561	4511
649	3738	5038	4568	4519
650	3742	5042	4575	4527
651	3750	5049	4584	4535
652	3760	5058	4592	4543
653	3763	5065	4600	4550
654	3767	5077	4608	4558
655	3775	5083	4616	4566
656	3780	5091	4622	4573
657	3788	5098	4629	4580
658	3796	5104	4636	4587
659	3803	5109	4643	4593
660	3810	5117	4651	4600
661	3819	5121	4657	4607
662	3824	5126	4665	4614
663	3830	5133	4670	4621
664	3838	5138	4676	4627
665	3844	5145	4681	4634
666	3847	5154	4688	4640
667	3852	5161	4694	4646
668	3858	5167	4700	4652
669	3864	5177	4707	4658
670	3866	5184	4713	4664
671	3870	5192	4720	4670
672	3879	5200	4726	4676
673	3885	5209	4732	4682
674	3887	5219	4737	4688
675	3893	5229	4743	4694
676	3898	5235	4748	4700
677	3905	5239	4754	4706
678	3910	5243	4760	4712
679	3916	5247	4767	4718
680	3921	5253	4775	4724
681	3924	5260	4784	4730
682	3929	5269	4790	4736
683	3935	5280	4794	4742
684	3940	5290	4800	4748
685	3945	5299	4807	4754
686	3947	5308	4812	4760
687	3949	5311	4818	4765
688	3957	5315	4825	4771
689	3967	5321	4831	4777
690	3972	5327	4837	4783
691	3977	5334	4843	4789
692	3979	5343	4851	4795
693	3983	5350	4855	4801
694	3994	5360	4863	4807
695	3997	5367	4868	4813
696	4003	5374	4874	4819
697	4004	5381	4880	4825
698	4011	5386	4885	4831
699	4014	5394	4891	4836
700	4018	5400	4897	4842
701	4025	5408	4903	4848
702	4031	5417	4908	4854
703	4036	5425	4913	4860
704	4039	5432	4919	4866
705	4041	5440	4924	4872
706	4046	5447	4932	4878
707	4052	5452	4937	4884
708	4061	5460	4943	4890
709	4066	5466	4948	4896
710	4073	5474	4955	4903
711	4082	5482	4962	4909
712	4088	5488	4968	4915
713	4092	5493	4976	4921
714	4100	5500	4982	4927
715	4108	5511	4988	4933
716	4112	5515	4994	4939
717	4116	5522	4999	4945
718	4120	5529	5005	4951
719	4125	5534	5010	4957
720	4134	5546	5017	4962
721	4138	5550	5024	4968
722	4141	5555	5029	4974
723	4143	5560	5036	4980
724	4146	5565	5042	4986
725	4151	5572	5047	4992
726	4160	5578	5054	4998
727	4166	5581	5060	5004
728	4172	5589	5065	5010
729	4181	5596	5069	5016
730	4190	5605	5075	5022
731	4196	5610	5081	5028
732	4200	5616	5088	5035
733	4214	5621	5094	5041
734	4219	5633	5099	5047
735	4225	5643	5105	5053
736	4229	5649	5111	5059
737	4234	5655	5118	5065
738	4237	5660	5123	5071
739	4246	5669	5130	5077
740	4251	5676	5136	5083
741	4257	5682	5143	5088
742	4264	5689	5150	5094
743	4266	5696	5156	5100
744	4271	5706	5161	5106
745	4277	5716	5167	5112
746	4283	5720	5174	5118
747	4291	5729	5180	5124
748	4293	5737	5186	5130
749	4299	5741	5193	5136
750	4308	5749	5199	5143
751	4312	5756	5206	5149
752	4318	5760	5211	5155
753	4324	5765	5216	5161
754	4330	5774	5220	5167
755	4336	5781	5226	5173
756	4342	5793	5231	5179
757	4350	5796	5236	5185
758	4356	5803	5242	5191
759	4362	5810	5250	5197
760	4368	5814	5256	5203
761	4373	5820	5260	5209
762	4379	5824	5266	5214
763	4384	5831	5271	5220
764	4389	5840	5276	5226
765	4392	5849	5281	5232
766	4402	5853	5285	5238
767	4410	5861	5289	5244
768	4415	5871	5293	5250
769	4419	5876	5298	5256
770	4424	5882	5305	5262
771	4429	5892	5313	5268
772	4434	5898	5318	5273
773	4442	5913	5323	5279
774	4446	5920	5330	5285
775	4451	5930	5337	5291
776	4454	5936	5342	5297
777	4458	5939	5350	5303
778	4463	5944	5357	5309
779	4467	5950	5363	5315
780	4472	5957	5370	5321
781	4476	5967	5375	5327
782	4479	5973	5382	5333
783	4485	5980	5388	5339
784	4488	5986	5393	5345
785	4492	5994	5400	5351
786	4500	5999	5404	5357
787	4510	6006	5410	5363
788	4517	6013	5414	5369
789	4525	6020	5419	5375
790	4534	6030	5425	5380
791	4544	6036	5428	5386
792	4556	6042	5435	5392
793	4563	6049	5441	5398
794	4570	6056	5446	5403
795	4574	6063	5452	5409
796	4580	6071	5459	5415
797	4585	6083	5464	5421
798	4588	6085	5469	5427
799	4591	6088	5477	5433
800	4596	6092	5482	5439
801	4602	6101	5488	5445
802	4604	6109	5494	5451
803	4608	6115	5500	5457
804	4615	6121	5507	5463
805	4618	6131	5514	5468
806	4631	6136	5520	5474
807	4639	6143	5525	5480
808	4641	6150	5531	5486
809	4646	6157	5538	5493
810	4650	6161	5544	5499
811	4659	6167	5551	5505
812	4667	6170	5556	5511
813	4673	6177	5560	5517
814	4678	6187	5567	5523
815	4683	6192	5572	5529
816	4689	6195	5580	5534
817	4693	6207	5585	5540
818	4701	6209	5591	5546
819	4707	6214	5596	5552
820	4711	6221	5602	5558
821	4720	6231	5607	5564
822	4726	6238	5612	5570
823	4730	6245	5617	5576
824	4735	6251	5623	5582
825	4741	6256	5631	5588
826	4746	6260	5635	5594
827	4753	6266	5642	5600
828	4761	6272	5647	5606
829	4768	6280	5653	5611
830	4770	6286	5661	5617
831	4774	6293	5667	5623
832	4778	6299	5672	5629
833	4785	6309	5678	5635
834	4791	6317	5683	5641
835	4797	6324	5688	5647
836	4804	6329	5695	5653
837	4811	6336	5701	5659
838	4819	6344	5706	5665
839	4824	6353	5712	5671
840	4828	6361	5719	5677
841	4834	6369	5724	5683
842	4837	6376	5729	5690
843	4842	6381	5734	5696
844	4852	6386	5740	5702
845	4860	6394	5743	5708
846	4862	6398	5748	5714
847	4871	6405	5754	5719
848	4877	6411	5760	5725
849	4886	6418	5767	5731
850	4893	6425	5773	5737
851	4902	6435	5779	5743
852	4911	6442	5786	5749
853	4916	6446	5792	5754
854	4923	6454	5797	5760
855	4927	6460	5804	5766
856	4932	6466	5809	5772
857	4935	6471	5814	5778
858	4938	6477	5820	5784
859	4951	6484	5826	5790
860	4955	6492	5831	5796
861	4959	6499	5837	5802
862	4963	6507	5844	5808
863	4970	6515	5850	5813
864	4973	6523	5857	5819
865	4979	6528	5863	5825
866	4987	6535	5869	5831
867	4991	6547	5876	5837
868	4995	6555	5883	5843
869	5001	6562	5889	5849
870	5007	6566	5895	5855
871	5012	6569	5901	5861
872	5017	6577	5905	5867
873	5023	6583	5911	5873
874	5029	6588	5917	5880
875	5036	6596	5923	5886
876	5042	6601	5928	5892
877	5050	6607	5935	5898
878	5058	6612	5941	5904
879	5061	6617	5949	5910
880	5065	6622	5955	5915
881	5070	6628	5960	5921
882	5075	6635	5967	5927
883	5081	6642	5972	5933
884	5087	6644	5979	5939
885	5092	6651	5985	5945
886	5101	6655	5991	5951
887	5109	6659	5997	5957
888	5114	6663	6004	5963
889	5125	6667	6009	5968
890	5133	6676	6015	5974
891	5140	6685	6021	5980
892	5145	6689	6027	5986
893	5149	6697	6033	5991
894	5155	6703	6039	5997
895	5164	6708	6044	6003
896	5171	6715	6050	6009
897	5175	6722	6057	6015
898	5178	6726	6063	6021
899	5182	6733	6069	6027
900	5185	6743	6075	6033
901	5189	6753	6081	6039
902	5192	6759	6087	6045
903	5198	6767	6092	6051
904	5204	6775	6099	6057
905	5212	6779	6105	6064
906	5223	6786	6109	6070
907	5229	6794	6117	6076
908	5234	6801	6122	6082
909	5237	6806	6129	6088
910	5243	6814	6135	6094
911	5249	6817	6143	6100
912	5256	6822	6147	6106
913	5261	6825	6153	6112
914	5267	6831	6157	6118
915	5272	6837	6164	6124
916	5277	6843	6170	6129
917	5287	6848	6176	6135
918	5293	6854	6184	6141
919	5300	6861	6190	6147
920	5305	6865	6197	6153
921	5311	6871	6202	6159
922	5315	6877	6208	6165
923	5320	6885	6213	6171
924	5326	6895	6218	6177
925	5330	6901	6225	6183
926	5338	6904	6231	6189
927	5348	6908	6239	6195
928	5351	6914	6244	6201
929	5354	6924	6250	6207
930	5358	6931	6255	6213
931	5362	6936	6262	6219
932	5365	6944	6270	6225
933	5370	6948	6276	6230
934	5374	6956	6284	6236
935	5379	6964	6291	6242
936	5384	6969	6297	6248
937	5396	6973	6302	6255
938	5403	6976	6308	6261
939	5407	6984	6315	6267
940	5415	6989	6321	6273
941	5420	6996	6328	6279
942	5421	7006	6334	6285
943	5424	7014	6339	6291
944	5436	7024	6347	6297
945	5441	7031	6353	6303
946	5441	7039	6359	6309
947	5450	7044	6366	6315
948	5457	7050	6372	6321
949	5461	7054	6378	6327
950	5466	7057	6385	6333
951	5471	7066	6392	6339
952	5473	7074	6397	6345
953	5480	7083	6400	6351
954	5485	7090	6408	6357
955	5488	7096	6413	6363
956	5494	7100	6419	6369
957	5501	7103	6425	6375
958	5506	7111	6430	6381
959	5512	7116	6437	6387
960	5516	7120	6443	6393
961	5522	7126	6450	6399
962	5529	7134	6456	6405
963	5533	7143	6462	6411
964	5535	7150	6470	6417
965	5542	7159	6475	6424
966	5547	7163	6481	6429
967	5553	7168	6488	6435
968	5560	7173	6494	6441
969	5564	7178	6500	6447
970	5566	7183	6505	6453
971	5570	7190	6511	6458
972	5576	7197	6517	6464
973	5582	7204	6524	6470
974	5589	7210	6530	6476
975	5593	7215	6535	6482
976	5598	7223	6542	6488
977	5603	7228	6549	6494
978	5607	7234	6554	6500
979	5613	7240	6561	6506
980	5616	7246	6567	6512
981	5624	7253	6573	6518
982	5630	7260	6578	6523
983	5633	7267	6584	6529
984	5638	7274	6589	6535
985	5646	7280	6595	6541
986	5651	7284	6601	6547
987	5657	7289	6608	6553
988	5661	7295	6612	6559
989	5665	7299	6618	6565
990	5675	7306	6626	6571
991	5683	7310	6632	6577
992	5687	7321	6638	6582
993	5701	7328	6643	6588
994	5706	7333	6649	6594
995	5711	7338	6655	6600
996	5719	7345	6660	6606
997	5728	7350	6666	6612
998	5733	7358	6671	6618
999	5742	7364	6677	6624
1000	5751	7370	6683	6630
1001	5760	7378	6689	6636
1002	5766	7386	6694	6642
1003	5770	7394	6701	6648
1004	5775	7401	6706	6654
1005	5779	7406	6711	6659
1006	5786	7409	6719	6665
1007	5789	7414	6725	6671
1008	5797	7423	6731	6677
1009	5801	7431	6740	6683
1010	5809	7436	6744	6689
1011	5816	7444	6750	6695
1012	5823	7447	6756	6701
1013	5826	7453	6762	6707
1014	5831	7459	6768	6713
1015	5837	7467	6773	6719
1016	5845	7477	6778	6725
1017	5849	7484	6784	6730
1018	5853	7488	6789	6736
1019	5858	7491	6796	6742
1020	5862	7499	6803	6748
1021	5865	7506	6809	6754
1022	5869	7512	6814	6760
1023	5873	7517	6818	6766
1024	5880	7521	6825	6771
1025	5886	7526	6831	6777
1026	5892	7533	6836	6783
1027	5897	7537	6842	6789
1028	5900	7545	6848	6795
1029	5908	7548	6857	6801
1030	5912	7554	6863	6807
1031	5915	7560	6869	6813
1032	5922	7568	6875	6819
1033	5925	7571	6881	6825
1034	5930	7579	6889	6831
1035	5936	7587	6894	6837
1036	5941	7593	6902	6842
1037	5944	7600	6909	6848
1038	5950	7605	6916	6854
1039	5954	7610	6923	6860
1040	5964	7616	6928	6866
1041	5969	7624	6935	6872
1042	5972	7629	6943	6878
1043	5978	7635	6949	6884
1044	5982	7641	6954	6890
1045	5988	7649	6961	6895
1046	5994	7654	6967	6901
1047	6003	7663	6973	6907
1048	6013	7669	6980	6913
1049	6018	7672	6984	6919
1050	6024	7678	6991	6926
1051	6029	7684	6995	6932
1052	6039	7690	7003	6938
1053	6051	7697	7008	6944
1054	6061	7703	7015	6950
1055	6066	7709	7020	6956
1056	6072	7717	7028	6962
1057	6077	7723	7033	6968
1058	6080	7729	7038	6974
1059	6088	7733	7045	6980
1060	6094	7741	7051	6986
1061	6099	7745	7058	6992
1062	6106	7754	7064	6999
1063	6112	7760	7069	7005
1064	6116	7767	7076	7011
1065	6121	7776	7082	7017
1066	6127	7782	7088	7023
1067	6129	7787	7096	7029
1068	6136	7792	7103	7035
1069	6147	7799	7108	7041
1070	6153	7810	7115	7047
1071	6159	7815	7121	7053
1072	6160	7821	7127	7059
1073	6171	7831	7135	7065
1074	6178	7837	7140	7071
1075	6186	7843	7146	7077
1076	6194	7848	7154	7083
1077	6200	7856	7160	7089
1078	6205	7862	7168	7095
1079	6213	7866	7173	7101
1080	6216	7871	7179	7107
1081	6222	7878	7185	7113
1082	6229	7885	7189	7119
1083	6235	7889	7195	7125
1084	6237	7894	7200	7131
1085	6240	7901	7205	7137
1086	6251	7903	7211	7143
1087	6259	7909	7217	7149
1088	6264	7918	7222	7155
1089	6271	7925	7228	7161
1090	6277	7935	7235	7167
1091	6284	7942	7241	7173
1092	6291	7950	7247	7179
1093	6296	7961	7253	7185
1094	6306	7969	7258	7191
1095	6308	7976	7265	7197
1096	6317	7980	7272	7204
1097	6325	7986	7278	7210
1098	6333	7992	7285	7216
1099	6340	7998	7293	7222
1100	6347	8004	7298	7229
1101	6353	8008	7303	7235
1102	6357	8012	7311	7241
1103	6361	8017	7318	7247
1104	6366	8023	7324	7253
1105	6368	8027	7329	7260
1106	6378	8033	7335	7266
1107	6383	8038	7341	7272
1108	6390	8045	7347	7278
1109	6394	8052	7353	7284
1110	6398	8057	7359	7290
1111	6406	8064	7365	7296
1112	6415	8068	7374	7302
1113	6420	8075	7381	7308
1114	6430	8082	7387	7314
1115	6435	8091	7392	7320
1116	6442	8098	7400	7325
1117	6446	8106	7405	7331
1118	6449	8112	7410	7337
1119	6459	8118	7415	7343
1120	6463	8124	7421	7349
1121	6467	8128	7426	7354
1122	6471	8137	7433	7360
1123	6484	8139	7438	7366
1124	6486	8143	7444	7372
1125	6491	8149	7451	7378
1126	6500	8152	7459	7383
1127	6508	8154	7466	7389
1128	6512	8157	7472	7395
1129	6516	8162	7479	7401
1130	6521	8169	7485	7407
1131	6528	8178	7491	7413
1132	6536	8184	7497	7419
1133	6542	8186	7503	7424
1134	6546	8196	7507	7430
1135	6554	8205	7511	7436
1136	6560	8209	7520	7442
1137	6567	8213	7527	7448
1138	6574	8216	7535	7454
1139	6579	8224	7541	7460
1140	6587	8228	7549	7466
1141	6594	8234	7554	7472
1142	6599	8242	7562	7478
1143	6603	8250	7567	7484
1144	6608	8260	7574	7490
1145	6610	8264	7579	7496
1146	6618	8272	7587	7502
1147	6626	8279	7593	7508
1148	6633	8283	7600	7514
1149	6639	8287	7604	7520
1150	6642	8291	7612	7526
1151	6647	8294	7617	7533
1152	6653	8298	7624	7539
1153	6659	8307	7629	7545
1154	6665	8311	7636	7551
1155	6671	8319	7643	7557
1156	6677	8323	7649	7563
1157	6683	8325	7655	7569
1158	6686	8333	7661	7575
1159	6689	8340	7667	7581
1160	6693	8347	7673	7587
1161	6697	8352	7679	7593
1162	6704	8360	7687	7599
1163	6710	8363	7694	7605
1164	6715	8372	7700	7611
1165	6720	8381	7705	7617
1166	6726	8386	7712	7623
1167	6734	8388	7718	7629
1168	6742	8393	7725	7635
1169	6744	8399	7732	7641
1170	6747	8404	7738	7647
1171	6754	8414	7747	7654
1172	6758	8423	7754	7660
1173	6766	8432	7759	7666
1174	6769	8438	7765	7672
1175	6774	8446	7772	7678
1176	6783	8452	7779	7684
1177	6787	8457	7784	7690
1178	6797	8463	7791	7696
1179	6809	8468	7799	7702
1180	6813	8473	7806	7708
1181	6824	8480	7811	7714
1182	6828	8486	7818	7720
1183	6833	8493	7824	7726
1184	6838	8503	7829	7733
1185	6843	8509	7834	7739
1186	6850	8515	7839	7745
1187	6854	8524	7845	7751
1188	6862	8525	7852	7757
1189	6868	8530	7859	7763
1190	6876	8534	7864	7769
1191	6881	8538	7871	7776
1192	6885	8541	7879	7782
1193	6890	8546	7885	7788
1194	6899	8552	7891	7794
1195	6904	8560	7895	7800
1196	6911	8568	7901	7806
1197	6914	8571	7908	7812
1198	6922	8578	7915	7818
1199	6930	8582	7922	7824
1200	6936	8588	7928	7830
1201	6944	8595	7933	7836
1202	6949	8601	7940	7842
1203	6956	8608	7947	7847
1204	6961	8615	7952	7853
1205	6965	8621	7958	7859
1206	6973	8624	7965	7865
1207	6980	8629	7970	7871
1208	6986	8635	7978	7877
1209	6991	8642	7985	7883
1210	7000	8649	7992	7889
1211	7003	8653	7999	7895
1212	7012	8657	8006	7900
1213	7021	8666	8011	7906
1214	7027	8674	8017	7912
1215	7031	8681	8022	7918
1216	7037	8686	8030	7924
1217	7043	8689	8036	7930
1218	7048	8695	8042	7936
1219	7056	8697	8048	7942
1220	7062	8703	8054	7948
1221	7069	8709	8060	7954
1222	7076	8710	8065	7960
1223	7081	8717	8072	7966
1224	7086	8726	8078	7972
1225	7092	8731	8084	7978
1226	7097	8736	8090	7984
1227	7102	8742	8099	7990
1228	7111	8749	8107	7996
1229	7117	8755	8114	8002
1230	7122	8758	8119	8008
1231	7126	8762	8124	8014
1232	7134	8773	8131	8020
1233	7136	8778	8136	8026
1234	7142	8784	8144	8032
1235	7148	8793	8151	8038
1236	7155	8799	8157	8044
1237	7161	8802	8163	8050
1238	7165	8807	8170	8055
1239	7173	8810	8176	8061
1240	7182	8816	8183	8067
1241	7191	8819	8188	8073
1242	7199	8826	8194	8079
1243	7205	8833	8199	8085
1244	7209	8836	8204	8091
1245	7218	8843	8210	8097
1246	7222	8849	8217	8102
1247	7227	8855	8222	8108
1248	7236	8858	8228	8114
1249	7242	8866	8234	8120
1250	7246	8875	8242	8126
1251	7253	8883	8246	8132
1252	7259	8890	8253	8138
1253	7264	8896	8257	8144
1254	7269	8901	8263	8149
1255	7273	8906	8270	8155
1256	7280	8910	8277	8161
1257	7287	8914	8283	8167
1258	7295	8918	8290	8173
1259	7303	8924	8297	8179
1260	7308	8927	8304	8185
1261	7315	8935	8310	8191
1262	7323	8939	8317	8197
1263	7332	8944	8324	8203
1264	7336	8950	8329	8209
1265	7343	8957	8335	8215
1266	7348	8961	8342	8221
1267	7355	8966	8345	8227
1268	7362	8973	8351	8233
1269	7368	8979	8357	8239
1270	7375	8982	8364	8245
1271	7384	8990	8370	8251
1272	7387	8999	8376	8257
1273	7395	9004	8383	8263
1274	7400	9010	8388	8269
1275	7406	9021	8395	8275
1276	7413	9025	8400	8281
1277	7420	9029	8407	8287
1278	7428	9036	8415	8293
1279	7434	9041	8421	8299
1280	7440	9047	8428	8305
1281	7447	9053	8433	8311
1282	7452	9060	8439	8317
1283	7455	9064	8449	8323
1284	7460	9070	8455	8328
1285	7464	9077	8460	8334
1286	7471	9084	8467	8340
1287	7479	9086	8472	8346
1288	7483	9088	8479	8352
1289	7494	9092	8485	8358
1290	7500	9096	8491	8364
1291	7508	9098	8498	8370
1292	7514	9103	8504	8376
1293	7520	9113	8511	8382
1294	7525	9121	8517	8388
1295	7530	9125	8525	8394
1296	7540	9130	8532	8400
1297	7548	9133	8540	8406
1298	7553	9142	8546	8412
1299	7561	9144	8554	8418
1300	7569	9152	8560	8424
1301	7577	9159	8568	8430
1302	7585	9165	8575	8436
1303	7594	9170	8581	8442
1304	7599	9178	8588	8448
1305	7607	9183	8595	8455
1306	7612	9189	8602	8461
1307	7620	9194	8612	8467
1308	7627	9202	8616	8473
1309	7631	9206	8621	8479
1310	7635	9215	8627	8485
1311	7642	9220	8634	8491
1312	7649	9226	8639	8497
1313	7652	9231	8645	8503
1314	7657	9237	8649	8509
1315	7663	9244	8655	8515
1316	7670	9249	8662	8520
1317	7676	9255	8670	8526
1318	7683	9262	8676	8532
1319	7690	9267	8682	8538
1320	7695	9276	8690	8544
1321	7702	9280	8697	8550
1322	7707	9284	8704	8556
1323	7711	9290	8712	8562
1324	7715	9297	8717	8568
1325	7719	9304	8723	8574
1326	7729	9307	8728	8580
1327	7737	9309	8736	8586
1328	7745	9315	8743	8592
1329	7750	9321	8750	8598
1330	7759	9328	8755	8604
1331	7765	9332	8763	8610
1332	7772	9337	8768	8616
1333	7778	9346	8774	8622
1334	7786	9351	8781	8628
1335	7792	9356	8787	8634
1336	7800	9359	8794	8640
1337	7808	9366	8801	8646
1338	7815	9373	8809	8652
1339	7823	9376	8816	8658
1340	7831	9385	8823	8664
1341	7837	9393	8832	8670
1342	7843	9400	8840	8676
1343	7851	9405	8845	8682
1344	7855	9413	8852	8688
1345	7860	9423	8859	8694
1346	7870	9428	8868	8701
1347	7878	9430	8875	8708
1348	7888	9436	8880	8714
1349	7899	9440	8887	8721
1350	7908	9444	8894	8727
1351	7918	9450	8900	8734
1352	7924	9453	8905	8740
1353	7929	9459	8911	8747
1354	7935	9467	8918	8753
1355	7941	9476	8924	8760
1356	7954	9479	8933	8769
1357	7966	9487	8940	8778
1358	7977	9495	8946	8787
1359	7986	9499	8952	8795
1360	7993	9504	8958	8804
1361	8000	9513	8964	8813
1362	8008	9521	8971	8822
1363	8012	9530	8975	8831
1364	8016	9538	8982	8840
1365	8023	9544	8987	8849
1366	8035	9547	8995	8858
1367	8047	9553	9002	8867
1368	8059	9558	9011	8876
1369	8070	9561	9018	8885
1370	8080	9569	9027	8894
1371	8090	9577	9036	8904
1372	8097	9584	9042	8913
1373	8101	9592	9049	8922
1374	8107	9600	9056	8931
1375	8115	9611	9062	8940
1376	8128	9619	9071	8949
1377	8141	9627	9080	8958
1378	8150	9634	9089	8967
1379	8163	9642	9097	8976
1380	8172	9649	9105	8985
1381	8179	9657	9111	8994
1382	8189	9665	9118	9003
1383	8201	9671	9127	9012
1384	8207	9680	9134	9020
1385	8213	9688	9140	9029
1386	8224	9695	9149	9039
1387	8238	9699	9158	9048
1388	8248	9703	9168	9057
1389	8258	9707	9176	9066
1390	8272	9712	9184	9075
1391	8282	9717	9192	9084
1392	8288	9722	9197	9093
1393	8296	9732	9205	9102
1394	8307	9742	9212	9112
1395	8319	9752	9221	9121
1396	8337	9756	9227	9130
1397	8350	9762	9234	9139
1398	8365	9768	9243	9148
1399	8374	9773	9253	9157
1400	8384	9782	9263	9166
1401	8392	9789	9270	9175
1402	8406	9800	9277	9184
1403	8415	9807	9285	9193
1404	8422	9815	9292	9202
1405	8433	9818	9298	9211
1406	8450	9823	9306	9220
1407	8461	9827	9317	9230
1408	8472	9833	9325	9239
1409	8486	9843	9334	9248
1410	8493	9849	9343	9257
1411	8502	9855	9353	9266
1412	8512	9861	9361	9275
1413	8524	9871	9370	9284
1414	8528	9877	9379	9293
1415	8536	9888	9388	9303
1416	8548	9893	9395	9312
1417	8564	9897	9404	9321
1418	8575	9901	9411	9330
1419	8586	9906	9420	9339
1420	8596	9915	9429	9348
1421	8610	9921	9435	9357
1422	8623	9926	9443	9366
1423	8634	9936	9448	9375
1424	8643	9944	9457	9384
1425	8653	9954	9465	9393
1426	8662	9960	9474	9402
1427	8676	9967	9482	9411
1428	8687	9972	9491	9420
1429	8696	9978	9499	9429
1430	8706	9985	9508	9438
1431	8718	9990	9515	9447
1432	8730	9994	9524	9457
1433	8737	10001	9531	9466
1434	8747	10012	9540	9475
1435	8760	10021	9547	9484
1436	8772	10024	9555	9493
1437	8787	10028	9564	9502
1438	8800	10035	9572	9511
1439	8814	10040	9579	9520
1440	8832	10044	9588	9529
1441	8846	10049	9596	9538
1442	8857	10055	9605	9547
1443	8865	10064	9614	9556
1444	8874	10069	9622	9565
1445	8884	10077	9631	9575
1446	8898	10083	9639	9584
1447	8910	10088	9649	9593
1448	8920	10094	9656	9603
1449	8935	10098	9665	9612
1450	8948	10103	9673	9621
1451	8959	10110	9682	9631
1452	8968	10119	9691	9640
1453	8977	10125	9699	9649
1454	8993	10134	9706	9659
1455	9008	10142	9714	9668
1456	9027	10150	9722	9677
1457	9038	10157	9731	9687
1458	9053	10164	9741	9696
1459	9068	10169	9750	9705
1460	9087	10175	9758	9714
1461	9101	10182	9764	9724
1462	9117	10189	9772	9733
1463	9132	10196	9784	9742
1464	9141	10204	9791	9752
1465	9150	10212	9801	9761
1466	9165	10216	9808	9769
1467	9182	10220	9817	9778
1468	9201	10224	9826	9787
1469	9215	10229	9833	9795
1470	9226	10235	9842	9804
1471	9238	10243	9849	9813
1472	9249	10252	9856	9821
1473	9256	10259	9865	9830
1474	9262	10268	9872	9839
1475	9271	10278	9880	9847
1476	9290	10284	9888	9856
1477	9309	10289	9897	9865
1478	9323	10294	9905	9874
1479	9338	10300	9915	9883
1480	9352	10305	9922	9892
1481	9365	10309	9931	9901
1482	9377	10315	9939	9910
1483	9392	10323	9949	9919
1484	9396	10334	9958	9928
1485	9406	10340	9967	9937
1486	9424	10345	9974	9945
1487	9442	10352	9982	9954
1488	9454	10359	9991	9963
1489	9466	10364	9998	9972
1490	9479	10369	10005	9981
1491	9489	10374	10014	9990
1492	9500	10378	10024	9999
1493	9512	10385	10032	10008
1494	9519	10391	10043	10017
1495	9533	10395	10051	10026
1496	9546	10400	10059	10035
1497	9564	10405	10068	10044
1498	9581	10407	10077	10053
1499	9597	10412	10085	10062
1500	9607	10416	10094	10071
1501	9619	10426	10103	10080
1502	9631	10435	10112	10090
1503	9640	10443	10122	10099
1504	9655	10446	10129	10108
1505	9662	10454	10138	10117
1506	9679	10457	10147	10126
1507	9702	10463	10154	10135
1508	9719	10471	10163	10144
1509	9734	10478	10169	10153
1510	9756	10483	10178	10162
1511	9772	10491	10186	10171
1512	9785	10498	10196	10180
1513	9792	10503	10205	10189
1514	9800	10509	10213	10198
1515	9809	10517	10221	10207
1516	9830	10521	10228	10216
1517	9850	10527	10235	10225
1518	9866	10530	10242	10234
1519	9879	10534	10249	10243
1520	9897	10540	10258	10252
1521	9908	10545	10265	10261
1522	9932	10550	10274	10270
1523	9949	10555	10281	10279
1524	9956	10563	10289	10288
1525	9964	10571	10298	10297
1526	9994	10577	10305	10306
1527	10015	10581	10312	10315
1528	10039	10586	10320	10323
1529	10068	10591	10329	10332
1530	10092	10597	10338	10341
1531	10119	10607	10347	10350
1532	10143	10613	10355	10359
1533	10157	10620	10363	10367
1534	10174	10627	10371	10376
1535	10183	10632	10379	10385
1536	10193	10638	10388	10392
1537	10199	10643	10396	10400
1538	10208	10649	10403	10407
1539	10211	10657	10410	10415
1540	10215	10663	10417	10422
1541	10225	10670	10425	10430
1542	10235	10679	10433	10437
1543	10240	10694	10442	10445
1544	10244	10705	10449	10452
1545	10250	10716	10456	10460
1546	10256	10722	10464	10467
1547	10263	10730	10470	10475
1548	10268	10737	10479	10482
1549	10276	10751	10487	10490
1550	10280	10760	10493	10497
1551	10284	10770	10501	10505
1552	10289	10781	10509	10512
1553	10293	10793	10517	10520
1554	10297	10802	10525	10527
1555	10298	10814	10532	10535
1556	10308	10821	10539	10542
1557	10315	10829	10546	10550
1558	10320	10836	10553	10558
1559	10328	10844	10562	10565
1560	10335	10855	10569	10573
1561	10340	10865	10576	10581
1562	10343	10875	10584	10588
1563	10348	10884	10591	10596
1564	10349	10894	10599	10604
1565	10356	10907	10606	10612
1566	10364	10912	10613	10619
1567	10374	10920	10620	10627
1568	10381	10928	10628	10634
1569	10385	10936	10635	10642
1570	10388	10945	10643	10649
1571	10394	10957	10651	10657
1572	10401	10969	10659	10664
1573	10403	10978	10666	10672
1574	10410	10994	10672	10679
1575	10413	11010	10679	10687
1576	10419	11014	10687	10694
1577	10428	11021	10693	10702
1578	10433	11027	10701	10709
1579	10438	11038	10709	10717
1580	10443	11046	10717	10724
1581	10448	11056	10724	10732
1582	10455	11066	10733	10739
1583	10459	11077	10740	10747
1584	10463	11091	10749	10755
1585	10468	11103	10755	10762
1586	10479	11111	10762	10770
1587	10487	11119	10771	10777
1588	10496	11128	10778	10785
1589	10504	11135	10786	10792
1590	10511	11140	10795	10800
1591	10517	11151	10803	10807
1592	10524	11159	10811	10815
1593	10527	11167	10819	10823
1594	10532	11176	10826	10830
1595	10536	11186	10832	10838
1596	10545	11194	10841	10845
1597	10549	11197	10847	10853
1598	10558	11207	10855	10861
1599	10563	11214	10863	10868
1600	10571	11229	10871	10876
1601	10579	11239	10879	10883
1602	10585	11247	10887	10891
1603	10591	11256	10895	10899
1604	10597	11269	10902	10906
1605	10600	11283	10909	10914
1606	10608	11286	10917	10922
1607	10617	11295	10925	10930
1608	10627	11301	10934	10937
1609	10634	11305	10941	10945
1610	10640	11313	10949	10953
1611	10647	11323	10957	10961
1612	10652	11333	10966	10969
1613	10657	11347	10973	10977
1614	10660	11354	10980	10985
1615	10665	11366	10987	10993
1616	10677	11382	10994	11000
1617	10685	11390	11002	11008
1618	10690	11395	11010	11016
1619	10699	11406	11018	11023
1620	10707	11413	11026	11031
1621	10714	11423	11034	11039
1622	10723	11432	11042	11047
1623	10727	11444	11050	11054
1624	10734	11451	11058	11062
1625	10739	11460	11065	11070
1626	10746	11470	11073	11078
1627	10759	11476	11080	11085
1628	10768	11482	11088	11093
1629	10774	11486	11095	11101
1630	10782	11493	11104	11109
1631	10792	11504	11111	11117
1632	10800	11512	11118	11125
1633	10808	11522	11125	11133
1634	10813	11529	11132	11140
1635	10818	11535	11139	11148
1636	10827	11544	11148	11156
1637	10841	11552	11155	11164
1638	10849	11561	11163	11171
1639	10857	11569	11170	11179
1640	10862	11580	11179	11187
1641	10870	11588	11187	11195
1642	10876	11600	11195	11202
1643	10882	11607	11202	11210
1644	10888	11615	11210	11218
1645	10897	11623	11216	11225
1646	10907	11630	11223	11233
1647	10912	11642	11230	11241
1648	10924	11652	11238	11248
1649	10932	11661	11245	11256
1650	10939	11668	11253	11264
1651	10946	11675	11261	11272
1652	10951	11685	11269	11279
1653	10959	11699	11275	11287
1654	10964	11704	11283	11295
1655	10969	11708	11289	11302
1656	10980	11720	11297	11310
1657	10987	11729	11305	11318
1658	10997	11735	11313	11326
1659	11009	11740	11323	11334
1660	11017	11749	11330	11341
1661	11024	11757	11339	11349
1662	11031	11762	11347	11357
1663	11040	11771	11354	11365
1664	11045	11777	11362	11373
1665	11050	11788	11370	11380
1666	11063	11798	11378	11388
1667	11078	11812	11386	11396
1668	11086	11825	11394	11404
1669	11094	11837	11401	11412
1670	11105	11845	11408	11420
1671	11112	11850	11416	11428
1672	11117	11856	11423	11436
1673	11126	11867	11430	11444
1674	11133	11877	11438	11452
1675	11138	11885	11446	11460
1676	11150	11895	11454	11467
1677	11159	11905	11462	11475
1678	11169	11916	11470	11483
1679	11175	11926	11478	11491
1680	11183	11938	11486	11498
1681	11193	11955	11494	11506
1682	11202	11968	11502	11514
1683	11208	11976	11510	11522
1684	11216	11988	11518	11530
1685	11222	11996	11525	11537
1686	11231	12004	11533	11545
1687	11241	12015	11541	11553
1688	11249	12022	11549	11561
1689	11261	12033	11557	11569
1690	11272	12039	11563	11576
1691	11281	12042	11570	11584
1692	11289	12044	11578	11592
1693	11297	12050	11585	11600
1694	11306	12057	11592	11608
1695	11311	12071	11599	11615
1696	11322	12081	11609	11625
1697	11329	12090	11619	11634
1698	11336	12101	11629	11643
1699	11346	12118	11638	11652
1700	11353	12140	11647	11661
1701	11357	12155	11657	11670
1702	11363	12167	11666	11679
1703	11370	12171	11676	11688
1704	11376	12176	11685	11697
1705	11384	12186	11693	11707
1706	11395	12196	11705	11718
1707	11409	12205	11716	11729
1708	11418	12216	11726	11740
1709	11428	12231	11738	11751
1710	11434	12248	11748	11763
1711	11442	12254	11759	11774
1712	11449	12279	11769	11785
1713	11458	12295	11779	11796
1714	11465	12310	11788	11807
1715	11470	12333	11798	11819
1716	11481	12344	11811	11830
1717	11488	12365	11822	11841
1718	11495	12381	11833	11853
1719	11504	12395	11845	11864
1720	11515	12415	11857	11875
1721	11523	12424	11868	11887
1722	11529	12436	11880	11898
1723	11537	12458	11890	11909
1724	11545	12467	11900	11921
1725	11550	12496	11910	11932
1726	11561	12511	11921	11943
1727	11569	12516	11931	11954
1728	11578	12532	11941	11965
1729	11587	12546	11953	11977
1730	11593	12550	11964	11988
1731	11602	12571	11975	11999
1732	11608	12587	11988	12010
1733	11616	12603	11999	12021
1734	11619	12616	12010	12033
1735	11624	12630	12021	12044
1736	11635	12645	12033	12055
1737	11648	12654	12043	12066
1738	11656	12673	12054	12077
1739	11667	12684	12065	12087
1740	11674	12699	12076	12098
1741	11683	12711	12087	12109
1742	11687	12724	12098	12120
1743	11693	12747	12108	12131
1744	11697	12765	12118	12142
1745	11703	12776	12127	12153
1746	11714	12782	12139	12164
1747	11726	12792	12151	12175
1748	11736	12805	12160	12186
1749	11746	12829	12173	12198
1750	11753	12835	12182	12209
1751	11765	12843	12194	12220
1752	11775	12854	12205	12231
1753	11780	12867	12215	12242
1754	11787	12892	12226	12253
1755	11794	12911	12237	12265
1756	11801	12919	12247	12276
1757	11809	12930	12258	12287
1758	11817	12942	12271	12299
1759	11828	12957	12284	12310
1760	11837	12985	12296	12321
1761	11845	12992	12309	12333
1762	11855	13007	12320	12344
1763	11861	13029	12331	12355
1764	11870	13043	12343	12366
1765	11873	13057	12353	12378
1766	11881	13074	12364	12389
1767	11893	13086	12375	12400
1768	11904	13096	12387	12411
1769	11919	13110	12399	12423
1770	11922	13125	12410	12434
1771	11926	13140	12422	12445
1772	11931	13151	12434	12456
1773	11939	13157	12446	12468
1774	11946	13174	12458	12479
1775	11951	13184	12470	12490
1776	11964	13198	12481	12501
1777	11973	13211	12492	12512
1778	11982	13223	12501	12523
1779	11990	13240	12510	12534
1780	11999	13249	12521	12545
1781	12008	13260	12531	12556
1782	12015	13273	12541	12567
1783	12022	13285	12551	12578
1784	12030	13299	12561	12589
1785	12037	13316	12573	12600
1786	12044	13324	12585	12611
1787	12062	13339	12598	12622
1788	12070	13350	12609	12633
1789	12080	13365	12619	12645
1790	12090	13379	12629	12656
1791	12103	13387	12641	12667
1792	12114	13401	12650	12678
1793	12123	13420	12662	12689
1794	12130	13427	12674	12701
1795	12136	13438	12685	12712
1796	12144	13450	12693	12723
1797	12154	13469	12705	12734
1798	12166	13481	12714	12745
1799	12177	13491	12726	12756
1800	12183	13509	12737	12767
1801	12188	13520	12749	12778
1802	12202	13531	12761	12790
1803	12209	13542	12771	12801
1804	12218	13559	12781	12812
1805	12226	13582	12794	12823
1806	12236	13588	12804	12834
1807	12241	13601	12815	12845
1808	12250	13608	12827	12857
1809	12254	13621	12839	12868
1810	12258	13639	12852	12879
1811	12268	13662	12864	12890
1812	12277	13672	12876	12902
1813	12286	13691	12888	12913
1814	12293	13702	12899	12924
1815	12301	13712	12910	12935
1816	12308	13733	12921	12947
1817	12318	13743	12932	12958
1818	12326	13762	12943	12969
1819	12338	13781	12955	12981
1820	12347	13786	12967	12992
1821	12358	13796	12978	13003
1822	12366	13820	12987	13015
1823	12376	13833	12999	13026
1824	12378	13846	13009	13037
1825	12390	13864	13020	13049
1826	12404	13873	13030	13060
1827	12417	13879	13043	13071
1828	12425	13886	13055	13082
1829	12437	13895	13068	13094
1830	12448	13915	13079	13105
1831	12453	13928	13090	13116
1832	12459	13946	13102	13128
1833	12469	13959	13114	13139
1834	12477	13974	13126	13150
1835	12486	13988	13136	13161
1836	12497	13995	13147	13172
1837	12504	14006	13158	13184
1838	12516	14018	13167	13195
1839	12528	14035	13178	13206
1840	12540	14048	13188	13217
1841	12548	14062	13200	13228
1842	12557	14084	13210	13239
1843	12569	14106	13223	13250
1844	12578	14124	13235	13261
1845	12585	14142	13247	13273
1846	12593	14148	13259	13283
1847	12601	14162	13269	13294
1848	12608	14176	13282	13304
1849	12617	14189	13294	13315
1850	12624	14199	13304	13325
