depth	min	max	median	mean
37.5	2394	2739	2586	2588
38.5	2411	2778	2607	2608
39.5	2422	2821	2628	2628
40.5	2437	2874	2646	2649
41.5	2443	2928	2664	2669
42.5	2460	2967	2683	2689
43.5	2476	2989	2704	2709
44.5	2491	3017	2723	2730
45.5	2505	3056	2742	2750
46.5	2518	3096	2762	2770
47.5	2532	3131	2781	2791
48.5	2546	3153	2801	2811
49.5	2560	3177	2818	2831
50.5	2571	3203	2838	2851
51.5	2583	3240	2857	2871
52.5	2597	3274	2876	2891
53.5	2612	3300	2897	2912
54.5	2623	3329	2920	2932
55.5	2634	3364	2940	2953
56.5	2645	3402	2961	2973
57.5	2656	3431	2980	2994
58.5	2676	3457	3001	3015
59.5	2689	3479	3020	3035
60.5	2701	3508	3040	3056
61.5	2712	3530	3060	3077
62.5	2722	3566	3079	3097
63.5	2733	3608	3098	3118
64.5	2738	3648	3116	3138
65	2742	3667	3127	3149
65.00002	9408	12434	11790	11560
65.5	9412	12437	11799	11571
66.5	9424	12444	11817	11591
67.5	9443	12459	11838	11612
68.5	9458	12471	11860	11632
69.5	9472	12482	11878	11653
70.5	9494	12496	11902	11674
71.5	9498	12513	11920	11694
72.5	9526	12531	11942	11715
73.5	9564	12542	11963	11736
74.5	9570	12555	11986	11756
75.5	9591	12571	12007	11777
76.5	9601	12586	12030	11798
77.5	9610	12607	12049	11818
78.5	9629	12635	12070	11839
79.5	9667	12660	12087	11860
80.5	9679	12690	12106	11881
81.5	9716	12721	12124	11902
82.5	9735	12747	12143	11922
83.5	9741	12777	12164	11943
84.5	9774	12797	12181	11963
85.5	9783	12828	12199	11984
86.5	9796	12862	12220	12004
87.5	9816	12891	12238	12025
88.5	9849	12914	12260	12046
89.5	9851	12940	12282	12067
90.5	9872	12966	12298	12088
91.5	9882	12999	12320	12109
92.5	9907	13031	12339	12130
93.5	9935	13057	12361	12151
94.5	9980	13083	12380	12172
95.5	10002	13105	12400	12193
96.5	10019	13134	12419	12214
97.5	10039	13158	12441	12235
98.5	10065	13184	12464	12256
99.5	10088	13215	12484	12277
100.5	10110	13246	12506	12298
101.5	10126	13273	12527	12319
102.5	10146	13300	12546	12340
103.5	10175	13317	12569	12361
104.5	10189	13334	12591	12381
105.5	10204	13355	12609	12402
106.5	10219	13377	12626	12423
107.5	10246	13394	12646	12444
108.5	10267	13412	12667	12464
109.5	10308	13438	12689	12485
110.5	10331	13462	12708	12505
111.5	10347	13486	12727	12526
112.5	10363	13512	12744	12547
113.5	10375	13528	12767	12567
114.5	10382	13550	12789	12588
115.5	10390	13573	12809	12608
116.5	10401	13605	12828	12628
117.5	10414	13635	12847	12649
118.5	10441	13656	12872	12670
119.5	10461	13677	12892	12691
120.5	10485	13701	12912	12712
121.5	10505	13725	12930	12733
122.5	10522	13751	12953	12754
123.5	10541	13774	12970	12774
124.5	10563	13797	12991	12795
125.5	10587	13830	13011	12815
126.5	10597	13845	13031	12835
127.5	10629	13868	13050	12856
128.5	10670	13888	13074	12878
129.5	10685	13916	13093	12899
130.5	10692	13942	13111	12920
131.5	10700	13963	13136	12942
132.5	10719	13992	13157	12962
133.5	10741	14010	13180	12983
134.5	10770	14039	13201	13003
135.5	10788	14060	13222	13024
136.5	10796	14081	13242	13044
137.5	10810	14102	13262	13065
138.5	10828	14122	13283	13086
139.5	10858	14157	13306	13107
140.5	10872	14189	13327	13128
141.5	10890	14204	13347	13149
142.5	10915	14221	13369	13170
143.5	10928	14243	13388	13191
144.5	10946	14268	13407	13212
145.5	10962	14298	13429	13233
146.5	10987	14333	13453	13254
147.5	11000	14359	13471	13274
148.5	11015	14385	13491	13295
149.5	11034	14399	13508	13315
150.5	11043	14422	13523	13336
151.5	11046	14445	13543	13356
152.5	11070	14470	13563	13377
153.5	11113	14499	13586	13397
154.5	11121	14519	13606	13418
155.5	11150	14545	13627	13438
156.5	11170	14571	13646	13459
157.5	11206	14594	13663	13479
158.5	11220	14616	13685	13500
159.5	11232	14644	13705	13521
160.5	11282	14667	13725	13542
161.5	11308	14699	13748	13563
162.5	11332	14723	13768	13583
163.5	11358	14741	13787	13604
164.5	11374	14763	13806	13624
165.5	11391	14794	13825	13645
166.5	11418	14824	13844	13665
167.5	11445	14843	13865	13686
168.5	11462	14865	13888	13706
169.5	11494	14890	13907	13727
170.5	11528	14922	13927	13748
171.5	11554	14935	13944	13768
172.5	11558	14964	13966	13789
173.5	11563	14985	13987	13809
174.5	11594	15000	14005	13829
175.5	11603	15032	14024	13850
176.5	11624	15053	14044	13870
177.5	11649	15086	14063	13890
178.5	11660	15103	14084	13910
179.5	11685	15130	14106	13930
180.5	11697	15154	14122	13950
181.5	11709	15178	14144	13971
182.5	11728	15196	14164	13991
183.5	11743	15220	14180	14012
184.5	11759	15240	14200	14033
185.5	11775	15261	14223	14053
186.5	11810	15291	14242	14074
187.5	11836	15305	14264	14095
188.5	11862	15325	14287	14115
189.5	11882	15345	14304	14136
190.5	11898	15384	14321	14156
191.5	11912	15403	14342	14177
192.5	11947	15427	14363	14197
193.5	11973	15444	14382	14218
194.5	11985	15460	14405	14238
195.5	11993	15486	14419	14258
196.5	12022	15506	14439	14279
197.5	12045	15528	14460	14299
198.5	12054	15548	14482	14320
199.5	12063	15573	14506	14341
200.5	12087	15597	14524	14361
201.5	12113	15621	14543	14382
202.5	12136	15640	14564	14402
203.5	12146	15652	14584	14423
204.5	12154	15676	14605	14443
205.5	12176	15692	14623	14463
206.5	12182	15712	14644	14484
207.5	12213	15726	14663	14504
208.5	12231	15753	14686	14526
209.5	12253	15787	14705	14547
210.5	12271	15818	14724	14568
211.5	12299	15840	14745	14589
212.5	12315	15862	14763	14610
213.5	12348	15888	14785	14631
214.5	12359	15915	14810	14651
215.5	12377	15942	14833	14671
216.5	12402	15970	14854	14692
217.5	12420	15987	14876	14712
218.5	12438	16010	14900	14733
219.5	12453	16033	14921	14754
220.5	12473	16048	14939	14774
221.5	12484	16079	14959	14795
222.5	12500	16096	14976	14815
223.5	12511	16115	14997	14836
224.5	12528	16138	15017	14857
225.5	12549	16152	15036	14878
226.5	12576	16173	15059	14898
227.5	12604	16189	15078	14919
228.5	12610	16218	15094	14939
229.5	12617	16232	15118	14960
230.5	12636	16265	15138	14980
231.5	12666	16283	15157	15001
232.5	12693	16301	15177	15021
233.5	12702	16316	15197	15042
234.5	12746	16350	15217	15062
235.5	12786	16374	15237	15083
236.5	12809	16384	15255	15103
237.5	12830	16406	15280	15124
238.5	12840	16422	15297	15145
239.5	12862	16447	15317	15166
240.5	12904	16476	15338	15187
241.5	12944	16501	15355	15208
242.5	12959	16522	15377	15229
243.5	12964	16547	15397	15250
244.5	12969	16576	15417	15271
245.5	12983	16606	15436	15291
246.5	13030	16626	15456	15312
247.5	13053	16646	15474	15333
248.5	13063	16671	15492	15354
249.5	13085	16692	15512	15375
250.5	13118	16706	15534	15396
251.5	13134	16735	15555	15417
252.5	13153	16759	15573	15437
253.5	13166	16781	15595	15457
254.5	13185	16804	15616	15477
255.5	13201	16826	15633	15497
256.5	13227	16850	15653	15517
257.5	13240	16872	15672	15537
258.5	13276	16885	15691	15558
259.5	13299	16907	15714	15578
260.5	13301	16924	15732	15598
261.5	13334	16949	15753	15619
262.5	13354	16970	15774	15639
263.5	13362	16994	15793	15659
264.5	13386	17021	15810	15679
265.5	13402	17051	15834	15698
266.5	13419	17078	15856	15718
267.5	13445	17103	15877	15738
268.5	13457	17121	15896	15757
269.5	13485	17143	15913	15775
270.5	13509	17166	15935	15794
271.5	13529	17186	15957	15813
272.5	13545	17200	15970	15832
273.5	13559	17212	15986	15851
274.5	13567	17226	16003	15870
275.5	13576	17234	16024	15889
276.5	13583	17251	16047	15908
277.5	13593	17266	16064	15927
278.5	13609	17286	16081	15945
279.5	13645	17314	16095	15963
280.5	13665	17343	16115	15981
281.5	13693	17365	16131	16000
282.5	13712	17388	16146	16018
283.5	13754	17412	16163	16037
284.5	13760	17436	16182	16056
285.5	13793	17453	16203	16074
286.5	13796	17468	16220	16093
287.5	13838	17494	16237	16112
288.5	13851	17505	16259	16131
289.5	13852	17525	16274	16150
290.5	13854	17539	16292	16169
291.5	13859	17557	16312	16187
292.5	13872	17577	16327	16206
293.5	13895	17592	16347	16224
294.5	13924	17608	16363	16242
295.5	13945	17620	16380	16260
296.5	13972	17637	16400	16279
297.5	13988	17656	16417	16297
298.5	14003	17678	16433	16315
299.5	14029	17700	16450	16333
300.5	14037	17718	16469	16351
301.5	14045	17743	16490	16369
302.5	14055	17762	16509	16388
303.5	14074	17782	16530	16408
304.5	14106	17801	16550	16427
305.5	14143	17828	16573	16447
306.5	14159	17854	16592	16466
307.5	14192	17873	16612	16485
308.5	14214	17894	16630	16504
309.5	14230	17904	16645	16522
310.5	14239	17927	16666	16541
311.5	14261	17947	16685	16559
312.5	14269	17964	16704	16578
313.5	14285	17983	16726	16597
314.5	14309	17995	16742	16615
315.5	14322	18019	16766	16634
316.5	14336	18043	16783	16653
317.5	14361	18060	16800	16671
318.5	14393	18082	16817	16690
319.5	14435	18103	16835	16709
320.5	14439	18116	16856	16729
321.5	14462	18126	16876	16748
322.5	14483	18148	16893	16767
323.5	14498	18169	16915	16785
324.5	14511	18188	16931	16804
325.5	14523	18208	16954	16823
326.5	14530	18224	16971	16842
327.5	14547	18244	16991	16861
328.5	14550	18265	17008	16879
329.5	14562	18289	17029	16898
330.5	14576	18307	17046	16917
331.5	14597	18326	17063	16936
332.5	14617	18344	17080	16954
333.5	14639	18356	17099	16973
334.5	14669	18374	17116	16992
335.5	14697	18389	17136	17010
336.5	14725	18409	17154	17029
337.5	14738	18422	17174	17048
338.5	14760	18448	17198	17067
339.5	14779	18470	17216	17087
340.5	14802	18490	17235	17106
341.5	14825	18510	17257	17125
342.5	14845	18522	17277	17144
343.5	14864	18538	17294	17162
344.5	14902	18553	17314	17180
345.5	14941	18580	17336	17198
346.5	14964	18603	17354	17217
347.5	14977	18620	17371	17235
348.5	14986	18635	17388	17254
349.5	14998	18650	17403	17274
350.5	15013	18669	17423	17293
351.5	15029	18690	17438	17312
352.5	15041	18709	17456	17331
353.5	15056	18724	17475	17350
354.5	15075	18752	17498	17369
355.5	15101	18769	17513	17389
356.5	15118	18791	17533	17408
357.5	15145	18807	17552	17427
358.5	15155	18821	17570	17446
359.5	15178	18841	17589	17465
360.5	15201	18867	17607	17484
361.5	15217	18887	17623	17503
362.5	15228	18900	17642	17522
363.5	15254	18914	17658	17541
364.5	15264	18943	17679	17559
365.5	15278	18956	17699	17578
366.5	15291	18981	17716	17597
367.5	15299	19006	17735	17616
368.5	15308	19026	17753	17635
369.5	15318	19039	17774	17654
370.5	15346	19057	17794	17673
371.5	15356	19090	17809	17693
372.5	15374	19115	17828	17711
373.5	15396	19121	17849	17730
374.5	15418	19147	17874	17749
375.5	15440	19167	17894	17767
376.5	15458	19184	17914	17786
377.5	15470	19201	17936	17804
378.5	15487	19215	17957	17822
379.5	15522	19223	17974	17840
380.5	15547	19241	17996	17858
381.5	15568	19252	18015	17877
382.5	15594	19270	18030	17895
383.5	15615	19288	18048	17914
384.5	15625	19310	18067	17932
385.5	15636	19322	18088	17951
386.5	15649	19332	18104	17970
387.5	15660	19355	18124	17989
388.5	15673	19379	18143	18008
389.5	15703	19405	18162	18027
390.5	15728	19440	18183	18046
391.5	15748	19468	18200	18065
392.5	15762	19492	18219	18084
393.5	15764	19512	18235	18103
394.5	15799	19529	18257	18122
395.5	15842	19544	18275	18141
396.5	15862	19558	18293	18160
397.5	15887	19571	18310	18178
398.5	15918	19583	18331	18197
399.5	15938	19596	18351	18216
400.5	15950	19614	18367	18235
401.5	15962	19639	18386	18254
402.5	15980	19660	18407	18272
403.5	16010	19671	18421	18291
404.5	16037	19676	18438	18309
405.5	16049	19690	18455	18328
406.5	16065	19717	18474	18347
407.5	16090	19741	18493	18365
408.5	16113	19754	18512	18384
409.5	16127	19775	18535	18403
410.5	16134	19796	18556	18422
411.5	16145	19809	18576	18441
412.5	16157	19821	18595	18460
413.5	16193	19841	18611	18478
414.5	16223	19866	18630	18497
415.5	16234	19889	18651	18515
416.5	16244	19916	18667	18534
417.5	16255	19935	18688	18552
418.5	16265	19956	18710	18571
419.5	16299	19976	18729	18590
420.5	16326	19995	18744	18609
421.5	16340	20016	18763	18628
422.5	16362	20033	18781	18647
423.5	16382	20055	18800	18665
424.5	16402	20082	18824	18684
425.5	16422	20093	18842	18703
426.5	16442	20101	18863	18722
427.5	16459	20116	18881	18740
428.5	16475	20142	18898	18759
429.5	16488	20153	18917	18778
430.5	16498	20164	18936	18797
431.5	16508	20184	18950	18816
432.5	16528	20205	18968	18835
433.5	16548	20216	18989	18854
434.5	16569	20233	19005	18872
435.5	16585	20256	19020	18891
436.5	16601	20280	19037	18910
437.5	16622	20300	19055	18929
438.5	16630	20319	19076	18947
439.5	16640	20337	19100	18966
440.5	16650	20363	19118	18985
441.5	16670	20383	19136	19004
442.5	16687	20405	19157	19022
443.5	16710	20417	19168	19040
444.5	16718	20431	19186	19058
445.5	16725	20450	19203	19077
446.5	16744	20464	19223	19095
447.5	16759	20483	19243	19114
