0.5
8.5
16.5
24.5
32.5
40.5
48.5
56.5
72.5
80.5
88.5
96.5
112.5
120.5
128.5
136.5
144.5
152.5
160.5
168.5
176.5
184.5
192.5
200.5
208.5
216.5
224.5
232.5
240.5
248.5
256.5
264.5
272.5
280.5
288.5
296.5
303.5
312.5
320.5
328.5
336.5
344.5
352.5
360.5
363.5
366.5
370.5
374.5
378.5
382.5
390.5
399.5
406.5
414.5
422.5
430.5
438.5
446.5
454.5
462.5
470.5
478.5
486.5
494.5
502.5
510.5
518.5
526.5
534.5
542.5
550.5
558.5
566.5
574.5
582.5
590.5
598.5
606.5
614.5
622.5
630.5
638.5
646.5
654.5
662.5
670.5
678.5
686.5
694.5
702.5
710.5
718.5
726.5
734.5
742.5
